1	NZAA05R23L	NZAA	05R	23L	51	231	71	251	15	15	1	1	NZZC	NZAA Auckland Intl	-37.016317	174.770783	-37.006656	174.805742
2	NZAP1735	NZAP	17	35	174	354	195.3	15.3	3	3	1	1	NZZC	NZAP Taupo	-38.734717	176.08695	-38.746789	176.082844
3	NZAR0321	NZAR	03	21	25	205	45.1	225.1	3	3	1	1	NZZC	NZAR Ardmore	-37.034575	174.969758	-37.027044	174.979333
4	NZAR0725	NZAR	07	25	70	250	90.1	270.1	0	0	0	0	NZZC	NZAR Ardmore	-37.028981	174.969131	-37.028958	174.974044
5	NZAS0220	NZAS	02	20	23	203	47.4	227.4	0	0	0	0	NZZC	NZAS Ashburton	-43.90535	171.800383	-43.9019	171.804536
6	NZAS0624	NZAS	06	24	64	244	88.4	268.4	0	0	0	0	NZZC	NZAS Ashburton	-43.903042	171.795106	-43.902439	171.807678
7	NZAS1129	NZAS	11	29	108	288	132.4	312.4	0	0	0	0	NZZC	NZAS Ashburton	-43.903333	171.796667	-43.903333	171.796667
8	NZAS1634	NZAS	16	34	157	337	181.4	1.4	0	0	0	0	NZZC	NZAS Ashburton	-43.903333	171.796667	-43.903333	171.796667
9	NZCH0220	NZCH	02	20	16	196	41	221	15	15	1	1	NZZC	NZCH Christchurch Intl	-43.497631	172.522114	-43.474989	172.548286
10	NZCH1129	NZCH	11	29	106	286	131	311	10	10	5	5	NZZC	NZCH Christchurch Intl	-43.484278	172.524414	-43.494381	172.540883
11	NZCX1230	NZCX	12	30	126	306	146	326	0	0	0	0	NZZC	NZCX Coromandel	-36.787147	175.505083	-36.790711	175.508072
12	NZDA0422	NZDA	04	22	40	220	59.3	239.3	0	0	0	0	NZZC	NZDA Dargaville	-35.941344	173.888	-35.937225	173.897644
13	NZDN0321	NZDN	03	21	30	210	55.8	235.8	10	10	1	1	NZZC	NZDN Dunedin	-45.933925	170.187472	-45.924378	170.207786
14	NZDV0220	NZDV	02	20	18	198	40.2	220.2	0	0	0	0	NZZC	NZDV Dannevirke	-40.235806	176.074858	-40.227511	176.084014
15	NZDV0826	NZDV	08	26	80	260	102.2	282.2	0	0	0	0	NZZC	NZDV Dannevirke	-40.227792	176.077056	-40.228967	176.083039
16	NZFE0624	NZFE	06	24	65	245	89	269	0	0	0	0	NZZC	NZFE Fernside Fields	-43.317603	172.508486	-43.317458	172.513967
17	NZFI1028	NZFI	10	28	98	278	120.2	300.2	0	0	0	0	NZZC	NZFI Feilding	-40.253847	175.601128	-40.257994	175.610708
18	NZGB0624	NZGB	06	24	60	240	79.7	259.7	0	0	0	0	NZZC	NZGB Great Barrier	-36.241733	175.4664	-36.241131	175.472136
19	NZGB1028	NZGB	10	28	100	280	119.7	299.7	3	3	1	1	NZZC	NZGB Great Barrier	-36.238797	175.464031	-36.243103	175.472969
20	NZGC0119	NZGC	01	19	10	190	35.8	215.8	0	0	0	0	NZZC	NZGC Gore	-46.1621	168.889622	-46.152758	168.899356
21	NZGC0624	NZGC	06	24	60	240	85.8	265.8	0	0	0	0	NZZC	NZGC Gore	-46.156244	168.897594	-46.156139	168.902592
22	NZGC1230	NZGC	12	30	120	300	145.8	325.8	0	0	0	0	NZZC	NZGC Gore	-46.153811	168.897689	-46.157189	168.900714
23	NZGM0119	NZGM	01	19	8	188	31.1	211.1	0	0	0	0	NZZC	NZGM Greymouth	-42.466061	171.187208	-42.458636	171.193269
24	NZGS0321	NZGS	03	21	30	210	51.4	231.4	0	0	0	0	NZZC	NZGS Gisborne	-38.666008	177.971969	-38.658975	177.982011
25	NZGS0927	NZGS	09	27	90	270	111.4	291.4	0	0	0	0	NZZC	NZGS Gisborne	-38.659611	177.970139	-38.663997	177.982436
26	NZGS1432	NZGS	14	32	144	324	165.4	345.4	10	10	1	1	NZZC	NZGS Gisborne	-38.6583	177.974975	-38.669686	177.979039
27	NZGT1533	NZGT	15	33	146	326	170.1	350.1	0	0	0	0	NZZC	NZGT Glentanner	-43.906092	170.12775	-43.915428	170.129942
28	NZGY1432	NZGY	14	32	140	320	164.5	344.5	0	0	0	0	NZZC	NZGY Glenorchy	-44.868572	168.396758	-44.874439	168.399017
29	NZHA1432	NZHA	14	32	140	320	161.6	341.6	0	0	0	0	NZZC	NZHA Hawera	-39.550078	174.266169	-39.557953	174.269817
30	NZHK0321	NZHK	03	21	33	213	56.3	236.3	0	0	0	0	NZZC	NZHK Hokitika	-42.713394	170.980258	-42.707764	170.992069
31	NZHK1230	NZHK	12	30	123	303	146.3	326.3	0	0	0	0	NZZC	NZHK Hokitika	-42.710958	170.984431	-42.719842	170.992242
32	NZHN18L36R	NZHN	18L	36R	175	355	195.6	15.6	10	10	1	1	NZZC	NZHN Hamilton	-37.855806	175.336175	-37.87365	175.329706
33	NZHS0119	NZHS	01	19	7	187	28.9	208.9	0	0	0	0	NZZC	NZHS Hastings	-39.648272	176.764161	-39.64065	176.769653
34	NZHS1129	NZHS	11	29	108	288	129.9	309.9	0	0	0	0	NZZC	NZHS Hastings	-39.644028	176.762117	-39.648056	176.768158
35	NZKF0725	NZKF	07	25	70	250	89.7	269.7	0	0	0	0	NZZC	NZKF Kaipara Flats	-36.406167	174.583481	-36.405936	174.591142
36	NZKI0523	NZKI	05	23	50	230	73.5	253.5	0	0	0	0	NZZC	NZKI Kaikoura	-42.426317	173.600297	-42.423875	173.608017
37	NZKK0220	NZKK	02	20	20	200	38.9	218.9	0	0	0	0	NZZC	NZKK Kerikeri	-35.263675	173.914089	-35.260261	173.917519
38	NZKK1533	NZKK	15	33	146	326	164.9	344.9	3	3	1	1	NZZC	NZKK Kerikeri	-35.252417	173.910506	-35.262803	173.91375
39	NZKM0119	NZKM	01	19	10	190	32.4	212.4	0	0	0	0	NZZC	NZKM Karamea	-41.240836	172.103242	-41.233475	172.108553
40	NZKM1735	NZKM	17	35	162	342	184.4	4.4	0	0	0	0	NZZC	NZKM Karamea	-41.236219	172.104517	-41.240886	172.103944
41	NZKO1331	NZKO	13	31	130	310	149	329	0	0	0	0	NZZC	NZKO Kaikohe	-35.451111	173.817222	-35.451111	173.817222
42	NZKO1735	NZKO	17	35	170	350	189	9	0	0	0	0	NZZC	NZKO Kaikohe	-35.451111	173.817222	-35.451111	173.817222
43	NZKP1028	NZKP	10	28	99	279	121.4	301.4	0	0	0	0	NZZC	NZKP Koputaroa	-40.559342	175.332681	-40.561633	175.337756
44	NZKT1230	NZKT	12	30	123	303	141.8	321.8	3	3	1	1	NZZC	NZKT Kaitaia	-35.064536	173.281014	-35.074508	173.290461
45	NZKT1836	NZKT	18	36	181	1	199.8	19.8	0	0	0	0	NZZC	NZKT Kaitaia	-35.068853	173.288228	-35.076614	173.284742
46	NZLE1129	NZLE	11	29	106	286	128.9	308.9	0	0	0	0	NZZC	NZLE Lake Station/Nelson Lakes	-41.755578	172.740025	-41.764303	172.754472
47	NZLX0119	NZLX	01	19	4	184	29	209	0	0	0	0	NZZC	NZLX Alexandra	-45.213739	169.368483	-45.209167	169.372058
48	NZLX1432	NZLX	14	32	134	314	159	339	0	0	0	0	NZZC	NZLX Alexandra	-45.206325	169.368986	-45.216444	169.374331
49	NZMA0422	NZMA	04	22	40	220	60.6	240.6	0	0	0	0	NZZC	NZMA Matamata	-37.733436	175.736733	-37.729883	175.745247
50	NZMA1028	NZMA	10	28	110	290	130.6	310.6	0	0	0	0	NZZC	NZMA Matamata	-37.735144	175.737361	-37.740236	175.747922
51	NZMC1331	NZMC	13	31	130	310	154	334	0	0	0	0	NZZC	NZMC Mount Cook	-43.760369	170.13095	-43.772347	170.138581
52	NZME0927	NZME	09	27	90	270	110.2	290.2	0	0	0	0	NZZC	NZME Mercer	-37.259044	175.114411	-37.262806	175.125947
53	NZMF1129	NZMF	11	29	108	288	132.3	312.3	0	0	0	0	NZZC	NZMF Milford Sound	-44.671417	167.919094	-44.675447	167.927042
54	NZMO0826	NZMO	08	26	77	257	101.9	281.9	0	0	0	0	NZZC	NZMO Te Anau/Manapouri	-45.531567	167.643186	-45.534503	167.663075
55	NZMR1331	NZMR	13	31	130	310	152.8	332.8	0	0	0	0	NZZC	NZMR Murchison	-41.796667	172.315	-41.796667	172.315
56	NZMS0624	NZMS	06	24	54	234	76.7	256.7	0	0	0	0	NZZC	NZMS Masterton	-40.975867	175.62755	-40.973622	175.640547
57	NZMS1028	NZMS	10	28	100	280	122.7	302.7	0	0	0	0	NZZC	NZMS Masterton	-40.972661	175.627642	-40.977069	175.636636
58	NZNE0321	NZNE	03	21	27	207	46.8	226.8	3	3	1	1	NZZC	NZNE North Shore	-36.658144	174.653125	-36.654278	174.658258
59	NZNE0927	NZNE	09	27	85	265	104.8	284.8	0	0	0	0	NZZC	NZNE North Shore	-36.655889	174.654281	-36.657003	174.659408
60	NZNF0119	NZNF	01	19	12	192	33.3	213.3	0	0	0	0	NZZC	NZNF Norfolk	-39.209164	174.219303	-39.202336	174.224933
61	NZNP0523	NZNP	05	23	45	225	66.2	246.2	10	10	1	1	NZZC	NZNP New Plymouth	-39.010447	174.170067	-39.005644	174.183889
62	NZNR0725	NZNR	07	25	67	247	88.8	268.8	0	0	0	0	NZZC	NZNR Napier	-39.464522	176.857611	-39.464353	176.871542
63	NZNR1634	NZNR	16	34	163	343	184.8	4.8	10	10	1	1	NZZC	NZNR Napier	-39.461989	176.868039	-39.477694	176.866311
64	NZNS0220	NZNS	02	20	18	198	40.6	220.6	10	10	1	1	NZZC	NZNS Nelson	-41.301378	173.218953	-41.292214	173.229486
65	NZNS0624	NZNS	06	24	62	242	84.6	264.6	0	0	0	0	NZZC	NZNS Nelson	-41.296131	173.216994	-41.295453	173.224167
66	NZNV0422	NZNV	04	22	39	219	64.9	244.9	10	10	1	1	NZZC	NZNV Invercargill	-46.418411	168.302258	-46.4111	168.324744
67	NZNV1230	NZNV	12	30	115	295	140.9	320.9	0	0	0	0	NZZC	NZNV Invercargill	-46.412564	168.314742	-46.417758	168.320878
68	NZOH0927	NZOH	09	27	87	267	109.1	289.1	10	10	1	1	NZZC	NZOH Ohakea Military	-40.202656	175.374325	-40.209364	175.399772
69	NZOH1533	NZOH	15	33	147	327	169.1	349.1	0	0	0	0	NZZC	NZOH Ohakea Military	-40.199703	175.386042	-40.217233	175.390497
70	NZOM0119	NZOM	01	19	13	193	35.9	215.9	0	0	0	0	NZZC	NZOM Omaka	-41.5451	173.920564	-41.538086	173.9274
71	NZOM0725	NZOM	07	25	66	246	88.9	268.9	0	0	0	0	NZZC	NZOM Omaka	-41.54	173.921944	-41.54	173.921944
72	NZOM1230	NZOM	12	30	117	297	139.9	319.9	0	0	0	0	NZZC	NZOM Omaka	-41.54	173.921944	-41.54	173.921944
73	NZOP0927	NZOP	09	27	90	270	111	291	0	0	0	0	NZZC	NZOP Opotiki	-38.021836	177.300125	-38.024186	177.311325
74	NZOU0220	NZOU	02	20	20	200	45.1	225.1	0	0	0	0	NZZC	NZOU Oamaru	-44.968644	171.081742	-44.963608	171.088792
75	NZOU1129	NZOU	11	29	110	290	135.1	315.1	0	0	0	0	NZZC	NZOU Oamaru	-44.969139	171.082031	-44.974739	171.089906
76	NZOU1836	NZOU	18	36	181	1	206.1	26.1	10	10	5	5	NZZC	NZOU Oamaru	-44.96185	171.085172	-44.972167	171.077861
77	NZOX1836	NZOX	18	36	180	360	199.6	19.6	2	2	2	2	NZZC	NZOX Okiwi Station	-36.143194	175.419608	-36.149436	175.416417
78	NZPM0725	NZPM	07	25	67	247	89.3	269.3	10	10	1	1	NZZC	NZPM Palmerston North	-40.319864	175.604869	-40.319836	175.624669
79	NZPN1836	NZPN	18	36	180	360	202.8	22.8	0	0	0	0	NZZC	NZPN Picton	-41.344122	173.958497	-41.349311	173.954389
80	NZPP1634	NZPP	16	34	157	337	179.6	359.6	3	3	1	1	NZZC	NZPP Paraparaumu	-40.901261	174.987925	-40.910642	174.987931
81	NZQN0523	NZQN	05	23	53	233	77.7	257.7	10	10	1	1	NZZC	NZQN Queenstown	-45.02	168.735689	-45.016544	168.757728
82	NZQN1432	NZQN	14	32	140	320	164.7	344.7	0	0	0	0	NZZC	NZQN Queenstown	-45.017783	168.7412	-45.023917	168.744156
83	NZRA0523	NZRA	05	23	50	230	70.5	250.5	0	0	0	0	NZZC	NZRA Raglan	-37.806072	174.856064	-37.804203	174.862258
84	NZRO1836	NZRO	18	36	184	4	204.9	24.9	10	10	1	1	NZZC	NZRO Rotorua	-38.100444	176.320344	-38.115486	176.311436
85	NZRT0422	NZRT	04	22	40	220	64	244	0	0	0	0	NZZC	NZRT Rangiora	-43.29076	172.54007	-43.288654	172.545746
86	NZRT0725	NZRT	07	25	70	250	94	274	0	0	0	0	NZZC	NZRT Rangiora	-43.288761	172.534606	-43.288967	172.547853
87	NZRT1028	NZRT	10	28	100	280	124	304	0	0	0	0	NZZC	NZRT Rangiora	-43.287536	172.535675	-43.290925	172.542817
88	NZSD0927	NZSD	09	27	91	271	112.4	292.4	0	0	0	0	NZZC	NZSD Stratford	-39.316222	174.303178	-39.319244	174.313339
89	NZSD1634	NZSD	16	34	164	344	185.4	5.4	0	0	0	0	NZZC	NZSD Stratford	-39.318889	174.310278	-39.318889	174.310278
90	NZSL1634	NZSL	16	34	161	341	180.6	0.6	0	0	5	0	NZZC	NZSL Springhill	-36.320661	174.555944	-36.325256	174.5559
91	NZTG0725	NZTG	07	25	73	253	93.6	273.6	10	10	1	1	NZZC	NZTG Tauranga	-37.672758	176.188381	-37.673811	176.209053
92	NZTG1634	NZTG	16	34	163	343	183.6	3.6	0	0	0	0	NZZC	NZTG Tauranga	-37.673486	176.194458	-37.676186	176.194206
93	NZTH0523	NZTH	05	23	50	230	70.2	250.2	0	0	0	0	NZZC	NZTH Thames	-37.161689	175.545717	-37.159644	175.551758
94	NZTI0523	NZTI	05	23	50	230	75.8	255.8	0	0	0	0	NZZC	NZTI Taieri	-45.862458	170.358383	-45.859742	170.367936
95	NZTI1129	NZTI	11	29	110	290	135.8	315.8	0	0	0	0	NZZC	NZTI Taieri	-45.858322	170.357011	-45.8618	170.363936
96	NZTK1836	NZTK	18	36	178	358	200.2	20.2	0	0	0	0	NZZC	NZTK Takaka	-40.811192	172.777533	-40.817317	172.77455
97	NZTM0119	NZTM	01	19	10	190	31.2	211.2	0	0	0	0	NZZC	NZTM Taumarunui	-38.84325	175.258531	-38.834361	175.266372
98	NZTN0220	NZTN	02	20	20	200	41.4	221.4	0	0	0	0	NZZC	NZTN Turangi	-38.970317	175.811556	-38.966608	175.815167
99	NZTO1331	NZTO	13	31	124	304	144.9	324.9	3	3	1	1	NZZC	NZTO Tokoroa	-38.235425	175.891744	-38.241714	175.89735
100	NZTT1634	NZTT	16	34	160	340	180.9	0.9	0	0	0	0	NZZC	NZTT Te Kuiti	-38.300167	175.147667	-38.307119	175.147667
101	NZTU0220	NZTU	02	20	17	197	41.6	221.6	0	0	0	0	NZZC	NZTU Timaru	-44.303272	171.220639	-44.294633	171.231261
102	NZTU1129	NZTU	11	29	110	290	134.6	314.6	0	0	0	0	NZZC	NZTU Timaru	-44.300317	171.225433	-44.306069	171.234283
103	NZUK1533	NZUK	15	33	149	329	173.3	353.3	0	0	0	0	NZZC	NZUK Pukaki	-44.233858	170.118342	-44.243497	170.120242
104	NZUN0523	NZUN	05	23	50	230	70.2	250.2	0	0	0	0	NZZC	NZUN Pauanui Beach	-37.022078	175.860008	-37.019775	175.867244
105	NZWB0624	NZWB	06	24	63	243	85.9	265.9	10	10	1	1	NZZC	NZWB Woodbourne	-41.518303	173.860897	-41.5174	173.877925
106	NZWB1028	NZWB	10	28	100	280	122.9	302.9	0	0	0	0	NZZC	NZWB Woodbourne	-41.514136	173.863283	-41.519611	173.875033
107	NZWF1129	NZWF	11	29	114	294	138.6	318.6	0	0	0	0	NZZC	NZWF Wanaka	-44.718056	169.241306	-44.726111	169.251389
108	NZWK0927	NZWK	09	27	91	271	111.9	291.9	3	3	1	1	NZZC	NZWK Whakatane	-37.919942	176.909981	-37.924322	176.923458
109	NZWM0422	NZWM	04	22	39	218	64	243	0	0	0	0	NZZC	NZWM Waimate	-44.791022	171.088272	-44.788414	171.095567
110	NZWM0927	NZWM	09	27	87	267	112	292	0	0	0	0	NZZC	NZWM Waimate	-44.789925	171.08728	-44.791634	171.093567
111	NZWN1634	NZWN	16	34	160	340	182.9	2.9	15	15	1	1	NZZC	NZWN Wellington Intl	-41.318622	174.807458	-41.334939	174.806358
112	NZWO1634	NZWO	16	34	155	335	176.6	356.6	0	0	0	0	NZZC	NZWO Wairoa	-39.00755	177.404069	-39.01575	177.404714
113	NZWP0321	NZWP	03	21	33	213	52.9	232.9	10	10	1	1	NZZC	NZWP Whenuapai Military	-36.796183	174.620886	-36.785142	174.639067
114	NZWP0826	NZWP	08	26	78	258	97.9	277.9	0	0	0	0	NZZC	NZWP Whenuapai Military	-36.783758	174.623475	-36.785731	174.641022
115	NZWR0624	NZWR	06	24	62	242	81.3	261.3	3	3	1	1	NZZC	NZWR Whangarei	-35.769875	174.357825	-35.768372	174.369817
116	NZWR1432	NZWR	14	32	140	320	159.3	339.3	0	0	0	0	NZZC	NZWR Whangarei	-35.769628	174.359069	-35.773617	174.360961
117	NZWS0422	NZWS	04	22	34	214	56.7	236.7	3	3	1	1	NZZC	NZWS Westport	-41.740256	171.572608	-41.733908	171.585467
118	NZWT0422	NZWT	04	22	35	215	55.1	235.1	0	0	0	0	NZZC	NZWT Whitianga	-36.832306	175.676317	-36.825625	175.68855
119	NZWT1634	NZWT	16	34	158	338	178.1	358.1	0	0	0	0	NZZC	NZWT Whitianga	-36.825436	175.679925	-36.831206	175.680208
120	NZWU0826	NZWU	08	26	81	261	102.9	282.9	0	0	0	0	NZZC	NZWU Whanganui	-39.962497	175.020125	-39.963836	175.027772
121	NZWU1129	NZWU	11	29	105	285	126.9	306.9	3	3	1	1	NZZC	NZWU Whanganui	-39.959764	175.018042	-39.967169	175.0309
122	NZWU1432	NZWU	14	32	136	316	157.9	337.9	0	0	0	0	NZZC	NZWU Whanganui	-39.961639	175.022019	-39.967442	175.025233
123	NZWV1331	NZWV	13	31	130	310	150.4	330.4	0	0	0	0	NZZC	NZWV Waihi Beach	-37.428219	175.950592	-37.432194	175.953767
124	NZRC0422	NZRC	04	22	37	217	63.3	243.3	2	2	2	2	NZZC	NZRC Ryans Creek	-46.901022	168.097467	-46.898461	168.104856
248	AGAT1331	AGAT	13	31	131	311	139.8	319.8	0	0	0	0	NZZO	AGAT Atoifi	-8.870342	161.008958	-8.876186	161.013889
249	AGGA1836	AGGA	18	36	180	360	188.7	8.7	0	0	0	0	NZZO	AGGA Auki	-8.698336	160.682372	-8.706822	160.681133
250	AGGB1129	AGGB	11	29	104	284	113	293	0	0	0	0	NZZO	AGGB Bellona	-11.300914	159.795225	-11.303281	159.800836
251	AGGC1331	AGGC	13	31	139	319	146.5	326.5	0	0	0	0	NZZO	AGGC Choiseul Bay	-6.709522	156.394586	-6.714542	156.397803
252	AGGE0422	AGGE	04	22	44	224	51.5	231.5	0	0	0	0	NZZO	AGGE Ballalae	-6.995425	155.879947	-6.986239	155.891717
253	AGGF1836	AGGF	18	36	177	357	185.4	5.4	0	0	0	0	NZZO	AGGF Maringe	-8.103192	159.577583	-8.109742	159.576781
254	AGGH0624	AGGH	06	24	59	239	67.7	247.7	0	0	0	0	NZZO	AGGH Honiara Intl	-9.431961	160.045183	-9.424519	160.063758
257	AGGK1028	AGGK	10	28	102	282	111.2	291.2	0	0	0	0	NZZO	AGGK Kirakira	-10.447478	161.8935	-10.451572	161.90375
258	AGGL0523	AGGL	05	23	54	234	64	244	0	0	0	0	NZZO	AGGL Santa Cruz	-10.721247	165.793728	-10.717653	165.801275
259	AGGM0725	AGGM	07	25	71	251	79	259	0	0	0	0	NZZO	AGGM Munda	-8.32875	157.253778	-8.325694	157.269833
260	AGGN1432	AGGN	14	32	141	321	148.8	328.8	0	0	0	0	NZZO	AGGN Gizo	-8.095117	156.862042	-8.101867	156.866211
261	AGGO0422	AGGO	04	22	34	214	41.5	221.5	0	0	0	0	NZZO	AGGO Mono/Stirling Island	-7.418492	155.563678	-7.411925	155.569728
262	AGGP1230	AGGP	12	30	120	300	129	309	0	0	0	0	NZZO	AGGP Parasi	-9.639228	161.422486	-9.643578	161.428222
263	AGGR1230	AGGR	12	30	119	299	128.1	308.1	0	0	0	0	NZZO	AGGR Tingoa	-11.548683	160.060939	-11.552433	160.065786
264	AGGS1028	AGGS	10	28	97	277	105.1	285.1	0	0	0	0	NZZO	AGGS Seghe	-8.577364	157.871692	-8.579561	157.879714
265	AGGT1129	AGGT	11	29	111	291	120.4	300.4	0	0	0	0	NZZO	AGGT Santa Anna	-10.846514	162.451356	-10.850181	162.457756
266	AGGV0422	AGGV	04	22	39	219	47.2	227.2	0	0	0	0	NZZO	AGGV Suavanao	-7.588411	158.727783	-7.582717	158.734069
267	AGGY1230	AGGY	12	30	119	299	127.5	307.5	0	0	0	0	NZZO	AGGY Yandina/Russell Islands	-9.092836	159.218578	-9.098014	159.225244
268	AGKG1432	AGKG	14	32	140	320	147.9	327.9	0	0	0	0	NZZO	AGKG Kaghau	-7.326817	157.582947	-7.333078	157.586425
269	ANYN1230	ANYN	12	30	121	301	129.8	309.8	0	0	0	0	NZZO	ANYN Nauru Intl	-0.541544	166.912144	-0.553069	166.925683
270	AYBK0422	AYBK	04	22	40	220	46.9	226.9	0	0	0	0	NZZO	AYBK Buka	-5.427014	154.667475	-5.417519	154.677936
271	AYGN0927	AYGN	09	27	93	273	99.7	279.7	0	0	0	0	NZZO	AYGN Gurney	-10.308947	150.326561	-10.312378	150.344092
272	AYKA1432	AYKA	14	32	133	313	139.6	319.6	0	0	0	0	NZZO	AYKA Losuia	-8.500367	151.075867	-8.512217	151.086083
273	AYMS0826	AYMS	08	26	76	256	83.3	263.3	0	0	0	0	NZZO	AYMS Misima	-10.6894	152.8321	-10.6887	152.843033
274	NCAI1432	NCAI	14	32	141	321	154.4	334.4	3	3	3	3	NZZO	NCAI Aitutaki	-18.829642	-159.764772	-18.844458	-159.7572
275	NCAT0927	NCAT	09	27	87	267	100.8	280.8	0	0	0	0	NZZO	NCAT Atiu	-19.966753	-158.125594	-19.968839	-158.113814
276	NCMG1331	NCMG	13	31	131	311	145.4	325.4	0	0	0	0	NZZO	NCMG Mangaia	-21.89215	-157.90935	-21.899611	-157.903714
277	NCMH1432	NCMH	14	32	138	318	149.1	329.1	0	0	0	0	NZZO	NCMH Manihiki	-10.375667	-161.002497	-10.386472	-160.996014
278	NCMK1028	NCMK	10	28	99	279	112.8	292.8	0	0	0	0	NZZO	NCMK Mauke	-20.133672	-157.351897	-20.139294	-157.337878
279	NCMR0927	NCMR	09	27	94	274	107.7	287.7	0	0	0	0	NZZO	NCMR Mitiaro	-19.840981	-157.708717	-19.844228	-157.697783
280	NCPK0725	NCPK	07	25	73	253	84.2	264.2	0	0	0	0	NZZO	NCPK Pukapuka	-10.915147	-165.845692	-10.913783	-165.833097
281	NCPY1432	NCPY	14	32	141	321	151.8	331.8	0	0	0	0	NZZO	NCPY Penrhyn	-9.006392	-158.036506	-9.023619	-158.027306
282	NCRG0826	NCRG	08	26	76	256	90.2	270.2	10	10	1	1	NZZO	NCRG Rarotonga Intl	-21.202583	-159.815708	-21.202586	-159.795447
283	NFFN0220	NFFN	02	20	25	205	37.6	217.6	0	0	0	0	NZZO	NFFN Nadi Intl	-17.772811	177.429108	-17.750308	177.447233
284	NFFN0927	NFFN	09	27	92	272	104.6	284.6	0	0	0	0	NZZO	NFFN Nadi Intl	-17.753278	177.436947	-17.757767	177.455597
285	NFNA1028	NFNA	10	28	96	276	108.7	288.7	0	0	0	0	NZZO	NFNA Nausori Intl	-18.040892	178.551967	-18.047272	178.571136
286	NFNH1735	NFNH	17	35	166	346	178.5	358.5	0	0	0	0	NZZO	NFNH Laucala	-16.742142	-179.667347	-16.752422	-179.666942
287	NFNL1331	NFNL	13	31	135	315	147.4	327.4	0	0	0	0	NZZO	NFNL Labasa	-16.463764	179.336786	-16.471744	179.342408
288	NFNM1129	NFNM	11	29	107	287	119.5	299.5	0	0	0	0	NZZO	NFNM Matei	-16.688472	-179.88125	-16.692844	-179.873181
289	NFNR0725	NFNR	07	25	71	251	82.4	262.4	0	0	0	0	NZZO	NFNR Rotuma	-12.483572	177.065058	-12.481942	177.077878
290	NFNS1432	NFNS	14	32	144	324	156.5	336.5	0	0	0	0	NZZO	NFNS Savusavu	-16.799897	179.339061	-16.806542	179.342097
291	NFTE1634	NFTE	16	34	157	337	171	351	3	3	3	3	NZZO	NFTE Eua	-21.373953	-174.958311	-21.381083	-174.957083
292	NFTF1129	NFTF	11	29	108	288	121.9	301.9	10	10	1	1	NZZO	NFTF Fuaamotu Intl	-21.234458	-175.160903	-21.247208	-175.139058
293	NFTF1735	NFTF	17	35	168	348	181.9	1.9	0	0	0	0	NZZO	NFTF Fuaamotu Intl	-21.239853	-175.138817	-21.248114	-175.139092
294	NFTL1129	NFTL	11	29	107	287	120.5	300.5	3	3	3	3	NZZO	NFTL Haapai	-19.774231	-174.346206	-19.779708	-174.336322
295	NFTO0826	NFTO	08	26	80	260	92.3	272.3	0	0	0	0	NZZO	NFTO Niuafoou	-15.5706	-175.634931	-15.570608	-175.625061
296	NFTP1129	NFTP	11	29	114	294	126.4	306.4	3	3	1	1	NZZO	NFTP Niuatoputapu	-15.973772	-173.795992	-15.979089	-173.78845
297	NFTV0826	NFTV	08	26	83	263	96.1	276.1	3	3	3	3	NZZO	NFTV Vavau	-18.585167	-173.966119	-18.586042	-173.957678
298	NGFU0321	NGFU	03	21	32	212	42.9	222.9	0	0	0	0	NZZO	NGFU Funafuti Intl	-8.529069	179.192014	-8.518919	179.201547
299	NGNU0624	NGNU	06	24	61	241	70.9	250.9	0	0	0	0	NZZO	NGNU Nikunau	-1.316169	176.405281	-1.313083	176.414081
300	NGTA0927	NGTA	09	27	88	268	97.4	277.4	0	0	0	0	NZZO	NGTA Bonriki Intl	1.382761	173.138083	1.380567	173.155308
301	NGTB0927	NGTB	09	27	89	269	98.5	278.5	0	0	0	0	NZZO	NGTB Abemama	0.491569	173.8246	0.490286	173.833586
302	NGTE1432	NGTE	14	32	142	322	151.8	331.8	0	0	0	0	NZZO	NGTE Tabiteuea North	-1.219647	174.773872	-1.227194	174.777806
303	NGTR0927	NGTR	09	27	89	269	99	279	0	0	0	0	NZZO	NGTR Arorae	-2.615669	176.798519	-2.616886	176.806636
304	NGTU0624	NGTU	06	24	60	240	69.2	249.2	0	0	0	0	NZZO	NGTU Butaritari	3.085592	172.80945	3.08675	172.812425
305	NIUE1028	NIUE	10	28	97	277	110.3	290.3	10	10	1	1	NZZO	NIUE Niue Intl	-19.075392	-169.936181	-19.082547	-169.915303
306	NLWF0725	NLWF	07	25	71	251	83	263	0	0	0	0	NZZO	NLWF Point Vele	-14.312244	-178.071483	-14.310956	-178.061375
307	NLWW0826	NLWW	08	26	78	258	89.8	269.8	0	0	0	0	NZZO	NLWW Hihifo	-13.238331	-176.208931	-13.238306	-176.190156
308	NSAS0826	NSAS	08	26	86	266	98	278	0	0	0	0	NZZO	NSAS Ofu	-14.183986	-169.672872	-14.1847	-169.667328
309	NSFA0826	NSFA	08	26	77	257	88.9	268.9	10	10	1	1	NZZO	NSFA Faleolo Intl	-13.830214	-172.022278	-13.829886	-171.994481
310	NSFQ1230	NSFQ	12	30	122	302	134	314	0	0	0	0	NZZO	NSFQ Fitiuta	-14.213058	-169.426808	-14.219167	-169.420289
311	NSMA0826	NSMA	08	26	80	260	91.9	271.9	3	3	3	3	NZZO	NSMA Maota	-13.742261	-172.261167	-13.742319	-172.254686
312	NSTU0523	NSTU	05	23	48	228	60	240	10	10	1	1	NZZO	NSTU Pago Pago Intl	-14.339136	-170.722778	-14.327881	-170.702661
313	NSTU0826	NSTU	08	26	78	258	90	270	3	3	3	3	NZZO	NSTU Pago Pago Intl	-14.326425	-170.712989	-14.326419	-170.70225
314	NTAA0422	NTAA	04	22	41	221	54	234	10	10	1	1	NZZO	NTAA Faaa	-17.56105	-149.617825	-17.545564	-149.595386
315	NTAM0725	NTAM	07	25	74	254	88.7	268.7	0	0	0	0	NZZO	NTAM Rimatara	-22.637408	-152.812797	-22.637094	-152.799181
316	NTAR0927	NTAR	09	27	93	273	107.6	287.6	3	3	3	3	NZZO	NTAR Rurutu	-22.431653	-151.367069	-22.435608	-151.353897
317	NTAT0321	NTAT	03	21	33	213	48	228	3	3	3	3	NZZO	NTAT Mataura	-23.369842	-149.529717	-23.360814	-149.518775
318	NTAV0624	NTAV	06	24	58	238	73.1	253.1	3	3	3	3	NZZO	NTAV Raivavae	-23.887178	-147.668439	-23.883411	-147.655314
319	NTGA1432	NTGA	14	32	137	317	149.9	329.9	0	0	0	0	NZZO	NTGA Anaa	-17.346733	-145.513503	-17.358111	-145.506608
320	NTGB0725	NTGB	07	25	73	253	85.3	265.3	0	0	0	0	NZZO	NTGB Fangatau	-15.820414	-140.892406	-15.819622	-140.882636
321	NTGC0624	NTGC	06	24	63	243	75.3	255.3	0	0	0	0	NZZO	NTGC Tikehau	-15.121211	-148.236989	-15.11825	-148.225269
322	NTGD1230	NTGD	12	30	121	301	133.4	313.4	0	0	0	0	NZZO	NTGD Apataki	-15.572842	-146.415897	-15.577972	-146.410256
323	NTGE1129	NTGE	11	29	113	293	125.9	305.9	0	0	0	0	NZZO	NTGE Reao	-18.463678	-136.442792	-18.469642	-136.434136
324	NTGF0523	NTGF	05	23	52	232	64.5	244.5	3	3	3	3	NZZO	NTGF Fakarava	-16.057344	-145.663853	-16.051914	-145.652022
325	NTGH1028	NTGH	10	28	100	280	112.9	292.9	0	0	0	0	NZZO	NTGH Hikueru	-17.545964	-142.617425	-17.550256	-142.607047
326	NTGI0422	NTGI	04	22	44	224	56	236	3	3	3	3	NZZO	NTGI Manihi	-14.438589	-146.073367	-14.432067	-146.06335
327	NTGJ1230	NTGJ	12	30	122	302	136.4	316.4	3	3	3	3	NZZO	NTGJ Totegegie	-23.074811	-134.895419	-23.086222	-134.883739
328	NTGK0220	NTGK	02	20	16	196	28.4	208.4	0	0	0	0	NZZO	NTGK Kaukura	-15.666869	-146.886767	-15.658669	-146.882181
329	NTGM1129	NTGM	11	29	111	291	123.6	303.6	3	3	3	3	NZZO	NTGM Makemo	-16.580081	-143.664236	-16.587039	-143.653278
330	NTGN1028	NTGN	10	28	105	285	116.9	296.9	0	0	0	0	NZZO	NTGN Napuka	-14.175294	-141.270258	-14.179681	-141.261558
331	NTGO0826	NTGO	08	26	77	257	89.7	269.7	0	0	0	0	NZZO	NTGO Tatakoto	-17.355278	-138.453053	-17.355256	-138.441853
332	NTGP1028	NTGP	10	28	100	280	112	292	0	0	0	0	NZZO	NTGP Puka Puka	-14.807908	-138.816506	-14.81115	-138.808456
333	NTGQ1230	NTGQ	12	30	121	301	133.9	313.9	0	0	0	0	NZZO	NTGQ Pukarua	-18.292103	-137.020192	-18.299525	-137.012181
335	NTGT0725	NTGT	07	25	68	248	80.1	260.1	3	3	3	3	NZZO	NTGT Takapoto Aero	-14.710222	-145.250061	-14.708817	-145.241622
336	NTGU1028	NTGU	10	28	104	284	116.3	296.3	0	0	0	0	NZZO	NTGU Arutua	-15.245586	-146.622044	-15.250833	-146.611214
337	NTGV0119	NTGV	01	19	5	185	17.2	197.2	3	3	3	3	NZZO	NTGV Mataiva	-14.877542	-148.715486	-14.867197	-148.712133
338	NTGW0725	NTGW	07	25	71	251	84.3	264.3	0	0	0	0	NZZO	NTGW Nukutavake	-19.285094	-138.772897	-19.284211	-138.764197
339	NTGY1836	NTGY	18	36	178	358	191.7	11.7	0	0	0	0	NZZO	NTGY Tureia	-20.780361	-138.567047	-20.790258	-138.569275
340	NTHE0624	NTHE	06	24	57	237	69	249	0	0	0	0	NZZO	NTHE Ahe	-14.430061	-146.262125	-14.425997	-146.251406
341	NTKA0826	NTKA	08	26	81	261	93.4	273.4	0	0	0	0	NZZO	NTKA Kauehi	-15.780278	-145.133708	-15.780956	-145.122531
342	NTKF0826	NTKF	08	26	77	257	89.7	269.7	0	0	0	0	NZZO	NTKF Faaite	-16.686592	-145.334819	-16.686475	-145.323761
343	NTKH1028	NTKH	10	28	98	278	110.3	290.3	0	0	0	0	NZZO	NTKH Fakahina	-15.990769	-140.168367	-15.993856	-140.159578
344	NTKK0826	NTKK	08	26	84	264	96.3	276.3	0	0	0	0	NZZO	NTKK Aratika Nord	-15.484997	-145.470758	-15.486161	-145.459025
345	NTKM1331	NTKM	13	31	126	306	138.4	318.4	0	0	0	0	NZZO	NTKM Takume	-15.854353	-142.269217	-15.860619	-142.263414
346	NTKN0624	NTKN	06	24	59	239	71.5	251.5	0	0	0	0	NZZO	NTKN Niau	-16.120797	-146.373683	-16.117436	-146.363211
347	NTKO1634	NTKO	16	34	162	342	174.4	354.4	0	0	0	0	NZZO	NTKO Raroia	-16.045033	-142.477131	-16.055647	-142.476061
348	NTKR0725	NTKR	07	25	74	254	86	266	0	0	0	0	NZZO	NTKR Takaroa	-14.456203	-145.0294	-14.455553	-145.019664
349	NTKT0826	NTKT	08	26	75	255	87.6	267.6	0	0	0	0	NZZO	NTKT Katiu	-16.339869	-144.413136	-16.339442	-144.402097
350	NTKU1432	NTKU	14	32	141	321	154.9	334.9	0	0	0	0	NZZO	NTKU Nukutepipi	-20.695394	-143.048058	-20.705239	-143.043236
351	NTMD0624	NTMD	06	24	58	238	68.6	248.6	3	3	3	3	NZZO	NTMD Nuku Hiva	-8.798456	-140.235931	-8.792792	-140.221686
352	NTMN0220	NTMN	02	20	19	199	29.7	209.7	3	3	3	3	NZZO	NTMN Atuona	-9.770814	-139.012481	-9.760139	-139.006425
353	NTMP1432	NTMP	14	32	142	322	152.7	332.7	0	0	0	0	NZZO	NTMP Ua Pou	-9.343842	-140.081453	-9.350431	-140.078114
354	NTMU0927	NTMU	09	27	89	269	99.6	279.6	0	0	0	0	NZZO	NTMU Ua Huka	-8.935694	-139.557361	-8.936797	-139.550583
355	NTTB1129	NTTB	11	29	112	292	124.7	304.7	6	6	1	1	NZZO	NTTB Motu Mute	-16.440508	-151.757061	-16.448192	-151.745475
356	NTTE0624	NTTE	06	24	62	242	74.8	254.8	0	0	0	0	NZZO	NTTE Tetiaroa	-17.015783	-149.592458	-17.014081	-149.585928
357	NTTG0927	NTTG	09	27	94	274	106.2	286.2	6	6	1	1	NZZO	NTTG Rangiroa	-14.951606	-147.670236	-14.95555	-147.656539
358	NTTH0725	NTTH	07	25	67	247	79.7	259.7	6	6	1	1	NZZO	NTTH Fare	-16.688214	-151.028114	-16.685842	-151.014733
359	NTTM1230	NTTM	12	30	122	302	135	315	6	4	1	1	NZZO	NTTM Moorea Temae	-17.485822	-149.765806	-17.493717	-149.757664
360	NTTO1230	NTTO	12	30	122	302	135	315	3	3	3	3	NZZO	NTTO Hao	-18.064242	-140.957097	-18.085517	-140.934678
361	NTTP0826	NTTP	08	26	76	256	88.7	268.7	3	3	3	3	NZZO	NTTP Maupiti	-16.426597	-152.24795	-16.426392	-152.239206
362	NTTR0725	NTTR	07	25	71	251	83.7	263.7	6	6	1	1	NZZO	NTTR Uturoa	-16.723606	-151.472372	-16.722253	-151.459331
363	NTUV0624	NTUV	06	24	57	237	70.1	250.1	0	0	0	0	NZZO	NTUV Vahitahi	-18.782075	-138.859658	-18.77935	-138.851617
364	NVSA1432	NVSA	14	32	137	317	147.8	327.8	0	0	0	0	NZZO	NVSA Mota Lava	-13.662281	167.709064	-13.669331	167.713703
365	NVSC1634	NVSC	16	34	156	336	166.8	346.8	0	0	0	0	NZZO	NVSC Sola	-13.849756	167.536586	-13.856006	167.538069
366	NVSE1432	NVSE	14	32	141	321	152.5	332.5	0	0	0	0	NZZO	NVSE Sangafa	-17.093333	168.333333	-17.093333	168.333333
367	NVSF1129	NVSF	11	29	114	294	125.3	305.3	0	0	0	0	NZZO	NVSF Craig Cove	-16.262497	167.921061	-16.2667	167.927153
368	NVSG0422	NVSG	04	22	39	219	50.1	230.1	0	0	0	0	NZZO	NVSG Longana	-15.30835	167.964572	-15.301286	167.973194
369	NVSO1533	NVSO	15	33	147	327	158.3	338.3	0	0	0	0	NZZO	NVSO Lonorore	-15.860506	168.169706	-15.870792	168.173853
370	NVSP1331	NVSP	13	31	129	309	140.2	320.2	0	0	0	0	NZZO	NVSP Norsup	-16.074561	167.396661	-16.081156	167.402353
371	NVSS1230	NVSS	12	30	118	298	129	309	0	0	0	0	NZZO	NVSS Santo	-15.498858	167.212617	-15.510278	167.227067
372	NVVF1432	NVVF	14	32	141	321	153.4	333.4	0	0	0	0	NZZO	NVVF Futuna	-19.513392	170.230764	-19.518058	170.233286
373	NVVV1129	NVVV	11	29	106	286	117.7	297.7	0	0	0	0	NZZO	NVVV Port Vila	-17.692692	168.306706	-17.703672	168.328372
374	NVVW1533	NVVW	15	33	146	326	158.2	338.2	0	0	0	0	NZZO	NVVW Tanna	-19.449867	169.221508	-19.460158	169.226106
375	NWWA1634	NWWA	16	34	158	338	170.5	350.5	0	0	0	0	NZZO	NWWA Tiga	-21.091572	167.802981	-21.100486	167.804528
376	NWWB0927	NWWB	09	27	95	275	107.2	287.2	0	0	0	0	NZZO	NWWB Poe	-21.608703	165.394072	-21.61085	165.40145
377	NWWC0927	NWWC	09	27	96	276	107.4	287.4	0	0	0	0	NZZO	NWWC Ile Art Waala	-19.719825	163.658681	-19.721247	163.663608
378	NWWD0927	NWWD	09	27	88	268	100	280	0	0	0	0	NZZO	NWWD Kone	-21.052844	164.834478	-21.054272	164.843197
379	NWWE1028	NWWE	10	28	101	281	113.8	293.8	0	0	0	0	NZZO	NWWE Moue	-22.586289	167.449758	-22.590908	167.460844
380	NWWK0624	NWWK	06	24	56	236	67.7	247.7	0	0	0	0	NZZO	NWWK Koumac	-20.548275	164.250742	-20.544428	164.260483
381	NWWL1230	NWWL	12	30	123	303	135.3	315.3	0	0	0	0	NZZO	NWWL Ouanaham	-20.770442	167.234894	-20.778414	167.243392
382	NWWM1735	NWWM	17	35	166	346	178.6	358.6	0	0	0	0	NZZO	NWWM Magenta	-22.253983	166.472706	-22.263181	166.472958
383	NWWR1331	NWWR	13	31	127	307	139.6	319.6	0	0	0	0	NZZO	NWWR La Roche Aero	-21.478161	168.034511	-21.486683	168.042458
384	NWWT1331	NWWT	13	31	127	307	139.4	319.4	0	0	0	0	NZZO	NWWT Oua Tom	-21.817075	165.858417	-21.822561	165.863453
385	NWWU1331	NWWU	13	31	134	314	146	326	0	0	0	0	NZZO	NWWU Touho	-20.785794	165.256447	-20.793997	165.262411
386	NWWV1331	NWWV	13	31	131	311	143.2	323.2	0	0	0	0	NZZO	NWWV Ouloup	-20.63735	166.570219	-20.644592	166.575925
387	NWWW1129	NWWW	11	29	109	289	121.5	301.5	0	0	0	0	NZZO	NWWW Tontouta	-22.006958	166.199533	-22.022125	166.226492
389	NZCI0523	NZCI	05	23	46	226	71.6	251.6	3	3	3	3	NZZO	NZCI Chatham Is/Tuuta	-43.815189	-176.479217	-43.810053	-176.457344
390	NZFX1533	NZFX	15	33	341	161	122.4	302.4	0	0	0	0	NZZO	NZFX Phoenix	-77.970039	166.766206	-77.944142	166.724572
391	NZSP0220	NZSP	02	20	171	279	290.2	38.2	0	0	0	0	NZZO	NZSP Jack F. Paulus Skiway	-89.965939	-150.059264	-89.994978	-77.069283
392	NZWD0725	NZWD	07	25	260	80	40.5	220.5	0	0	0	0	NZZO	NZWD Williams	-77.889314	167.147053	-77.893933	167.018803
393	PLCH0826	PLCH	08	26	81	261	90.2	270.2	0	0	0	0	NZZO	PLCH Cassidy Intl	1.986272	-157.359364	1.986269	-157.340461
394	PLPA0624	PLPA	06	24	60	240	69	249	0	0	0	0	NZZO	PLPA Palmyra	5.885611	-162.085158	5.891703	-162.070817
395	PTSA0523	PTSA	05	23	48	228	55.2	235.2	0	0	0	0	NZZO	PTSA Kosrae	5.352508	162.95185	5.361442	162.964919
396	XN550321	XN55	03	21	30	210	38.4	218.4	0	0	0	0	NZZO	XN55 Jaluit	5.904106	169.633392	5.912575	169.6398
397	YLHI1028	YLHI	10	28	100	280	114.2	294.2	0	0	0	0	NZZO	YLHI Lord Howe Island	-31.536739	159.071708	-31.539642	159.079233
398	YSNF0422	YSNF	04	22	35	215	50.2	230.2	3	3	3	3	NZZO	YSNF Norfolk Island	-29.046572	167.933194	-29.038225	167.944497
399	YSNF1129	YSNF	11	29	107	287	122.2	302.2	6	6	1	1	NZZO	YSNF Norfolk Island	-29.036578	167.929997	-29.045683	167.946419
950	NZAP1028	NZAP	10	28	100	280	121.3	301.3	0	0	0	0	NZZC	NZAP Taupo	-38.740983	176.075911	-38.7444	176.082475
951	NZBA0725	NZBA	07	25	70	250	96	276	0	0	0	0	NZZC	NZBA Balclutha	-46.245011	169.744431	-46.246261	169.753372
952	NZCB1634	NZCB	16	34	160	340	185.6	5.6	0	0	0	0	NZZC	NZCB Centre Bush	-46.037736	168.312636	-46.043656	168.311692
953	NZCG0422	NZCG	04	22	40	220	61.2	241.2	0	0	0	0	NZZC	NZCG Centennial Park	-38.665778	176.133417	-38.662167	176.142972
954	NZCG0725	NZCG	07	25	60	240	81.2	261.2	0	0	0	0	NZZC	NZCG Centennial Park	-38.665356	176.129872	-38.664928	176.136092
955	NZCL1533	NZCL	15	33	150	330	172.8	352.8	0	0	0	0	NZZC	NZCL Cloudy Bay	-41.451892	174.013503	-41.459728	174.015244
956	NZCS0927	NZCS	09	27	90	270	114.8	294.8	0	0	0	0	NZZC	NZCS Cromwell Racecourse	-45.046372	169.162431	-45.048997	169.17015
957	NZCS1836	NZCS	18	36	180	360	204.8	24.8	0	0	0	0	NZZC	NZCS Cromwell Racecourse	-45.042614	169.174958	-45.048572	169.17105
958	NZCW1836	NZCW	18	36	180	360	204.8	24.8	0	0	0	0	NZZC	NZCW Cromwell	-44.972558	169.220917	-44.985633	169.214203
959	NZDY1836	NZDY	18	36	180	360	200.2	20.2	0	0	0	0	NZZC	NZDY Drury	-37.096389	174.975278	-37.096389	174.975278
960	NZES0725	NZES	07	25	70	250	90.8	270.8	0	0	0	0	NZZC	NZES Wharepapa South	-38.143844	175.547058	-38.143783	175.553283
961	NZES1735	NZES	17	35	170	350	190.8	10.8	0	0	0	0	NZZC	NZES Wharepapa South	-38.143889	175.550278	-38.143889	175.550278
962	NZFF0523	NZFF	05	23	50	230	74	254	0	0	0	0	NZZC	NZFF Forest Field	-43.385989	172.359192	-43.384639	172.364808
963	NZFF1028	NZFF	10	28	100	280	124	304	0	0	0	0	NZZC	NZFF Forest Field	-43.384528	172.357742	-43.386894	172.363389
964	NZFF1836	NZFF	18	36	180	360	204	24	0	0	0	0	NZZC	NZFF Forest Field	-43.385833	172.360556	-43.385833	172.360556
965	NZFJ1028	NZFJ	10	28	100	280	123.6	303.6	0	0	0	0	NZZC	NZFJ Franz Josef	-43.360192	170.128386	-43.364175	170.136139
967	NZFO0927	NZFO	09	27	90	270	113.7	293.7	0	0	0	0	NZZC	NZFO Fox Glacier	-43.460492	170.015197	-43.462056	170.019653
968	NZFP0927	NZFP	09	27	90	270	112.3	292.3	0	0	0	0	NZZC	NZFP Foxpine	-40.455172	175.265319	-40.458522	175.276244
969	NZFT1735	NZFT	17	35	170	350	192.9	12.9	0	0	0	0	NZZC	NZFT Flat Point	-41.241458	175.9608	-41.244992	175.959733
970	NZGA0119	NZGA	01	19	8	188	29.1	209.1	0	0	0	0	NZZC	NZGA Galatea	-38.407178	176.741653	-38.399739	176.746872
971	NZHA0220	NZHA	02	20	20	200	41.6	221.6	0	0	0	0	NZZC	NZHA Hawera	-39.556733	174.267381	-39.551389	174.272964
972	NZHA0725	NZHA	07	25	70	250	91.6	271.6	0	0	0	0	NZZC	NZHA Hawera	-39.551567	174.265092	-39.551767	174.272994
973	NZHM0624	NZHM	06	24	57	237	80.5	260.5	0	0	0	0	NZZC	NZHM Hanmer	-42.569722	172.798056	-42.569722	172.798056
974	NZHN0725	NZHN	07	25	74	254	94.6	274.6	0	0	0	0	NZZC	NZHN Hamilton	-37.86185	175.325097	-37.862339	175.332103
975	NZHP1129	NZHP	11	29	110	290	133.3	313.3	0	0	0	0	NZZC	NZHP Lake Haupiri	-42.598872	171.695678	-42.602817	171.702392
976	NZHT1634	NZHT	16	34	160	340	183.8	3.8	0	0	0	0	NZZC	NZHT Haast	-43.862611	169.040889	-43.868539	169.041328
977	NZKD0422	NZKD	04	22	40	220	59.6	239.6	0	0	0	0	NZZC	NZKD Motu Kaikoura Island	-36.178117	175.324797	-36.175553	175.329925
978	NZKE1735	NZKE	17	35	170	350	190	10	0	0	0	0	NZZC	NZKE Waiheke	-36.808333	175.085278	-36.808333	175.085278
979	NZKY0927	NZKY	09	27	90	270	112	292	0	0	0	0	NZZC	NZKY Kowhai	-39.846356	176.424133	-39.847489	176.428772
980	NZMJ0220	NZMJ	02	20	20	200	44	224	0	0	0	0	NZZC	NZMJ Martins Bay	-44.367308	168.014297	-44.364383	168.018328
981	NZMK0220	NZMK	02	20	20	200	42.5	222.5	0	0	0	0	NZZC	NZMK Motueka	-41.122908	172.988492	-41.118844	172.994064
982	NZML0927	NZML	09	27	90	270	113.6	293.6	0	0	0	0	NZZC	NZML Mid Waiho Loop	-43.353611	170.190833	-43.353611	170.190833
983	NZMO1432	NZMO	14	32	140	320	164.9	344.9	0	0	0	0	NZZC	NZMO Te Anau/Manapouri	-45.528531	167.643922	-45.538731	167.648681
984	NZMW1735	NZMW	17	35	170	350	194.2	14.2	0	0	0	0	NZZC	NZMW Makarora	-44.231667	169.230278	-44.231667	169.230278
985	NZNP1432	NZNP	14	32	136	316	157.2	337.2	0	0	0	0	NZZC	NZNP New Plymouth	-39.000542	174.17865	-39.01075	174.184508
986	NZOA09L27R	NZOA	09L	27R	92	272	116.5	296.5	0	0	0	0	NZZC	NZOA Omarama	-44.486667	169.986111	-44.486667	169.986111
987	NZOA09R27L	NZOA	09R	27L	92	272	116.5	296.5	0	0	0	0	NZZC	NZOA Omarama	-44.483472	169.976928	-44.488789	169.993667
988	NZOF0422	NZOF	04	22	40	220	59.7	239.7	0	0	0	0	NZZC	NZOF Omaha Flats	-36.348089	174.755525	-36.345594	174.761456
989	NZOH0523	NZOH	05	23	50	230	72.1	252.1	0	0	0	0	NZZC	NZOH Ohakea Military	-40.208303	175.379531	-40.206678	175.38585
990	NZOH09L27R	NZOH	09L	27R	90	270	112.1	292.1	0	0	0	0	NZZC	NZOH Ohakea Military	-40.206667	175.386944	-40.206667	175.386944
991	NZOH09R27L	NZOH	09R	27L	90	270	112.1	292.1	0	0	0	0	NZZC	NZOH Ohakea Military	-40.205197	175.376786	-40.207736	175.386519
992	NZOH1129	NZOH	11	29	110	290	132.1	312.1	0	0	0	0	NZZC	NZOH Ohakea Military	-40.205186	175.376861	-40.209853	175.384003
993	NZOT1634	NZOT	16	34	160	340	182.5	2.5	0	0	0	0	NZZC	NZOT Otaki	-40.783611	175.151111	-40.783611	175.151111
994	NZPH0220	NZPH	02	20	20	200	44.1	224.1	0	0	0	0	NZZC	NZPH Pudding Hill	-43.587222	171.527778	-43.587222	171.527778
995	NZPI0725	NZPI	07	25	70	250	89.8	269.8	0	0	0	0	NZZC	NZPI Parakai	-36.65195	174.431136	-36.651944	174.438553
996	NZPO0220	NZPO	02	20	20	200	42.4	222.4	0	0	0	0	NZZC	NZPO Porangahau	-40.280833	176.6525	-40.280833	176.6525
997	NZPU0422	NZPU	04	22	40	220	60.2	240.2	0	0	0	0	NZZC	NZPU Pukekohe	-37.259444	174.9075	-37.259444	174.9075
998	NZPW0321	NZPW	03	21	30	210	52.8	232.8	0	0	0	0	NZZC	NZPW Papawai	-41.109047	175.492386	-41.099664	175.507492
999	NZPW1230	NZPW	12	30	120	300	142.8	322.8	0	0	0	0	NZZC	NZPW Papawai	-41.101936	175.496842	-41.103942	175.499008
1000	NZRI0321	NZRI	03	21	30	210	54.5	234.5	0	0	0	0	NZZC	NZRI Rakitata I	-44.087939	171.416703	-44.084758	171.422531
1001	NZRI1230	NZRI	12	30	120	300	144.5	324.5	0	0	0	0	NZZC	NZRI Rakitata I	-44.079961	171.410872	-44.087367	171.418106
1002	NZRK1634	NZRK	16	34	160	340	181.4	1.4	0	0	0	0	NZZC	NZRK Rangitaiki	-38.879283	176.364656	-38.893117	176.364228
1003	NZRR1028	NZRR	10	28	100	280	121	301	0	0	0	0	NZZC	NZRR Ruatoria	-37.883964	178.290028	-37.883964	178.290028
1004	NZRT0321	NZRT	03	21	30	210	54	234	0	0	0	0	NZZC	NZRT Rangiora	-43.291181	172.540375	-43.288503	172.545747
1005	NZRW0725	NZRW	07	25	70	250	89.4	269.4	0	0	0	0	NZZC	NZRW Ruawai	-36.097114	173.973511	-36.097175	173.982239
1006	NZRX1634	NZRX	16	34	160	340	185.3	5.3	0	0	0	0	NZZC	NZRX Roxburgh	-45.511667	169.316667	-45.511667	169.316667
1007	NZSF0422	NZSF	04	22	40	220	64	244	0	0	0	0	NZZC	NZSF Springfield	-43.385369	171.906953	-43.381564	171.916169
1008	NZSF1028	NZSF	10	28	100	280	124	304	0	0	0	0	NZZC	NZSF Springfield	-43.381633	171.907439	-43.386219	171.915864
1009	NZTE0523	NZTE	05	23	50	230	70.5	250.5	0	0	0	0	NZZC	NZTE Te Kowhai	-37.745839	175.156311	-37.742686	175.166625
1010	NZTG0422	NZTG	04	22	40	220	60.6	240.6	0	0	0	0	NZZC	NZTG Tauranga	-37.671511	176.187553	-37.668628	176.194014
1011	NZTH1432	NZTH	14	32	140	320	160.2	340.2	0	0	0	0	NZZC	NZTH Thames	-37.156986	175.546539	-37.164622	175.550261
1012	NZTK1129	NZTK	11	29	112	292	134.2	314.2	0	0	0	0	NZZC	NZTK Takaka	-40.810206	172.771256	-40.815014	172.777697
1013	NZTL1129	NZTL	11	29	110	290	134.2	314.2	0	0	0	0	NZZC	NZTL Tekapo	-44.002281	170.440064	-44.007686	170.447378
1014	NZTR1028	NZTR	10	28	100	280	120.9	300.9	0	0	0	0	NZZC	NZTR Te Araroa	-37.627711	178.344483	-37.631253	178.351869
1015	NZUK0725	NZUK	07	25	70	250	94.3	274.3	0	0	0	0	NZZC	NZUK Pukaki	-44.232556	170.118311	-44.232497	170.124069
1016	NZVL0927	NZVL	09	27	92	272	117.6	297.6	0	0	0	0	NZZC	NZVL Mandeville	-45.989811	168.810428	-45.993872	168.820778
1017	NZVR0624	NZVR	06	24	60	240	81.8	261.8	0	0	0	0	NZZC	NZVR Taihape	-39.686531	175.786408	-39.685111	175.794219
1018	NZWL0422	NZWL	04	22	40	220	64.1	244.1	0	0	0	0	NZZC	NZWL West Melton	-43.478886	172.387878	-43.475553	172.398742
1019	NZWL1129	NZWL	11	29	110	290	134.1	314.1	0	0	0	0	NZZC	NZWL West Melton	-43.474831	172.39235	-43.479697	172.399703
1020	NZWL1735	NZWL	17	35	170	350	194.1	14.1	0	0	0	0	NZZC	NZWL West Melton	-43.475261	172.389953	-43.481342	172.388122
1021	NZWM0826	NZWM	08	26	82	262	107	287	0	0	0	0	NZZC	NZWM Waimate	-44.788917	171.0838	-44.790183	171.089661
1145	AGAR1129	AGAR	11	29	110	290	119.2	299.2	0	0	0	0	NZZO	AGAR Arona	-9.858578	161.976136	-9.862631	161.983094
1146	AGGU0523	AGGU	05	23	50	230	58.9	238.9	0	0	0	0	NZZO	AGGU Marau/Paruru	-9.86425	160.822567	-9.86425	160.822567
1147	AGLM1028	AGLM	10	28	100	280	110	290	0	0	0	0	NZZO	AGLM Lomlom	-10.296833	166.327367	-10.296833	166.327367
1148	AGOB1230	AGOB	12	30	120	300	128.7	308.7	0	0	0	0	NZZO	AGOB Manaoba	-8.324294	160.799514	-8.328919	160.805528
1150	NFCI1735	NFCI	17	35	173	353	185.8	5.8	0	0	0	0	NZZO	NFCI Cicia	-17.739425	-179.341689	-17.747636	-179.342331
1151	NFFO1230	NFFO	12	30	124	304	136.6	316.6	0	0	0	0	NZZO	NFFO Malolo Lailai	-17.77685	177.195511	-17.780233	177.198836
1152	NFKB1432	NFKB	14	32	137	317	149.6	329.6	0	0	0	0	NZZO	NFKB Kaibu	-17.2516	-179.490342	-17.257264	-179.486953
1153	NFKD1634	NFKD	16	34	160	340	173	353	0	0	0	0	NZZO	NFKD Kadavu	-19.054092	178.156325	-19.061708	178.1577
1155	NFMO1533	NFMO	15	33	149	329	162	342	0	0	0	0	NZZO	NFMO Moala	-18.563428	179.950011	-18.570361	179.952392
1156	NFNB0826	NFNB	08	26	85	265	97.7	277.7	0	0	0	0	NZZO	NFNB Bureta	-17.711217	178.755736	-17.712367	178.761903
1157	NFNG1028	NFNG	10	28	105	285	117.8	297.8	0	0	0	0	NZZO	NFNG Gau	-18.115556	179.339722	-18.115556	179.339722
1158	NFNK1331	NFNK	13	31	128	308	140.9	320.9	0	0	0	0	NZZO	NFNK Lakeba	-18.196075	-178.819519	-18.20305	-178.813264
1159	NFNO1028	NFNO	10	28	99	279	111.6	291.6	0	0	0	0	NZZO	NFNO Koro	-17.344486	179.418625	-17.347164	179.425492
1160	NFNW1028	NFNW	10	28	106	286	118.7	298.7	0	0	0	0	NZZO	NFNW Wakaya	-17.628611	179.01	-17.628611	179.01
1161	NFSW1230	NFSW	12	30	122	302	134.4	314.4	0	0	0	0	NZZO	NFSW Yasawa	-16.757578	177.543883	-16.761556	177.548094
1162	NFVB1129	NFVB	11	29	111	291	123.6	303.6	0	0	0	0	NZZO	NFVB Vanuabalavu	-17.245	-178.959167	-17.245	-178.959167
1163	NFVL1230	NFVL	12	30	118	298	130.8	310.8	0	0	0	0	NZZO	NFVL Vatulele Island	-18.509833	177.635606	-18.514778	177.641739
1164	NGMA1129	NGMA	11	29	110	290	119.4	299.4	0	0	0	0	NZZO	NGMA Maiana	1.005392	173.028611	1.001825	173.034683
1165	NGMK0927	NGMK	09	27	90	270	99.3	279.3	0	0	0	0	NZZO	NGMK Marakei	2.059456	173.267578	2.058175	173.275208
1166	NSAU0826	NSAU	08	26	80	260	91.8	271.8	3	3	3	3	NZZO	NSAU Asau	-13.505764	-172.627964	-13.505764	-172.627964
1319	NZAN0321	NZAN	03	21	30	210	54.4	234.4	0	0	0	0	NZZC	NZAN Anama	-43.793747	171.393939	-43.793747	171.393939
1514	NFOL1533	NFOL	15	33	152	332	165.7	345.7	0	0	0	0	NZZO	NFOL Ono-I-Lau	-20.6552	-178.742056	-20.662575	-178.740092
1516	NZLA0422	NZLA	04	22	40	220	63.9	243.9	0	0	0	0	NZZC	NZLA Loburn Abbey	-43.235306	172.487731	-43.232925	172.494872
1517	NZLA0725	NZLA	07	25	70	250	93.9	273.9	0	0	0	0	NZZC	NZLA Loburn Abbey	-43.233611	172.494167	-43.233611	172.494167
2109	AGGE0523	AGGE	05	23	45	225	52.5	232.5	0	0	0	0	NZZO	AGGE Ballalae	-6.995425	155.879947	-6.986239	155.891717
2111	NZRR0927	NZRR	09	27	104	284	125	305	0	0	0	0	NZZC	NZRR Ruatoria	-37.880672	178.285289	-37.88535	178.293664
2309	NZOI1129	NZOI	11	29	110	290	132.4	312.4	0	0	0	0	NZZC	NZOI Ongaio I	-40.673611	172.664444	-40.673611	172.664444
2310	NZPW1129	NZPW	11	29	110	290	132.8	312.8	0	0	0	0	NZZC	NZPW Papawai	-41.104167	175.5	-41.104167	175.5
2311	NZWL04L22R	NZWL	04L	22R	40	220	64.1	244.1	0	0	0	0	NZZC	NZWL West Melton	-43.476667	172.396667	-43.476667	172.396667
2312	NZWL04R22L	NZWL	04R	22L	40	220	64.1	244.1	0	0	0	0	NZZC	NZWL West Melton	-43.476667	172.396667	-43.476667	172.396667
2507	NSFI1028	NSFI	10	28	99	279	111.1	291.1	0	0	0	0	NZZO	NSFI Fagali	-13.848214	-171.742364	-13.850058	-171.737328
2508	PCIS0927	PCIS	09	27	91	271	101.2	281.2	0	0	0	0	NZZO	PCIS Canton Island-Topham	-2.768389	-171.721611	-2.771628	-171.705042
3422	NZHN18R36L	NZHN	18R	36L	175	355	195.6	15.6	0	0	0	0	NZZC	NZHN Hamilton	-37.861306	175.332942	-37.866761	175.330958
3423	NZTJ0119	NZTJ	01	19	10	190	34.9	214.9	0	0	0	0	NZZC	NZTJ Tawhaki	-43.834511	172.534461	-43.827594	172.541753
3424	NZTJ0826	NZTJ	08	26	80	260	104.9	284.9	0	0	0	0	NZZC	NZTJ Tawhaki	-43.830181	172.533383	-43.831064	172.537378
3425	NZYP0220	NZYP	02	20	21	201	43.1	223.1	0	0	0	0	NZZC	NZYP Waipukurau	-39.999819	176.532597	-39.994256	176.539769
3622	NWWC1028	NWWC	10	28	96	276	107.4	287.4	0	0	0	0	NZZO	NWWC Ile Art Waala	-19.719825	163.658681	-19.721247	163.663608
