1	NZAA05R23L	NZAA	05R	23L	51	231	71	251	15	15	1	1	NZZC	NZAA Auckland Intl	-37.016317	174.770783	-37.006656	174.805742
2	NZAP1735	NZAP	17	35	174	354	195.3	15.3	3	3	1	1	NZZC	NZAP Taupo	-38.734717	176.08695	-38.746789	176.082844
3	NZAR0321	NZAR	03	21	26	206	46.1	226.1	3	3	1	1	NZZC	NZAR Ardmore	-37.034575	174.969758	-37.027044	174.979333
4	NZAR0725	NZAR	07	25	70	250	90.1	270.1	0	0	0	0	NZZC	NZAR Ardmore	-37.029725	174.969956	-37.029725	174.9767
5	NZAS0220	NZAS	02	20	23	203	47.4	227.4	0	0	0	0	NZZC	NZAS Ashburton	-43.905339	171.8004	-43.901889	171.80455
6	NZAS0624	NZAS	06	24	64	244	88.4	268.4	0	0	0	0	NZZC	NZAS Ashburton	-43.903044	171.795119	-43.902442	171.807694
7	NZAS1129	NZAS	11	29	108	288	132.4	312.4	0	0	0	0	NZZC	NZAS Ashburton	-43.897014	171.798386	-43.902758	171.808394
8	NZAS1634	NZAS	16	34	157	337	181.4	1.4	0	0	0	0	NZZC	NZAS Ashburton	-43.896911	171.799058	-43.906625	171.798814
9	NZCH0220	NZCH	02	20	16	196	40.2	220.2	15	15	1	1	NZZC	NZCH Christchurch Intl	-43.497631	172.522114	-43.474989	172.548286
10	NZCH1129	NZCH	11	29	106	286	130.2	310.2	10	10	5	5	NZZC	NZCH Christchurch Intl	-43.484278	172.524414	-43.494381	172.540883
11	NZCX1230	NZCX	12	30	126	306	146	326	0	0	0	0	NZZC	NZCX Coromandel	-36.787147	175.505083	-36.790711	175.508072
12	NZDA0422	NZDA	04	22	40	220	59.3	239.3	0	0	0	0	NZZC	NZDA Dargaville	-35.941339	173.888017	-35.937217	173.897658
13	NZDN0321	NZDN	03	21	30	210	55.8	235.8	10	10	1	1	NZZC	NZDN Dunedin	-45.933925	170.187472	-45.924378	170.207786
14	NZDV0220	NZDV	02	20	18	198	40.2	220.2	0	0	0	0	NZZC	NZDV Dannevirke	-40.235808	176.074858	-40.227517	176.084014
15	NZDV0826	NZDV	08	26	80	260	102.2	282.2	0	0	0	0	NZZC	NZDV Dannevirke	-40.227786	176.077056	-40.228961	176.083039
16	NZFE0624	NZFE	06	24	65	245	89	269	0	0	0	0	NZZC	NZFE Fernside Fields	-43.317603	172.508486	-43.317458	172.513967
17	NZFI1028	NZFI	10	28	98	278	120.2	300.2	0	0	0	0	NZZC	NZFI Feilding	-40.253847	175.601128	-40.257994	175.610708
18	NZGB0624	NZGB	06	24	60	240	79.7	259.7	0	0	0	0	NZZC	NZGB Great Barrier	-36.241725	175.466386	-36.241122	175.472122
19	NZGB1028	NZGB	10	28	100	280	119.7	299.7	3	3	1	1	NZZC	NZGB Great Barrier	-36.238797	175.464031	-36.243103	175.472969
20	NZGC0119	NZGC	01	19	10	190	35.8	215.8	0	0	0	0	NZZC	NZGC Gore	-46.161883	168.889817	-46.153156	168.899278
21	NZGC0624	NZGC	06	24	60	240	85.8	265.8	0	0	0	0	NZZC	NZGC Gore	-46.156414	168.896072	-46.156156	168.903244
22	NZGC1230	NZGC	12	30	120	300	145.8	325.8	0	0	0	0	NZZC	NZGC Gore	-46.153656	168.897767	-46.157792	168.901458
23	NZGM0119	NZGM	01	19	8	188	31.1	211.1	0	0	0	0	NZZC	NZGM Greymouth	-42.466061	171.187208	-42.458636	171.193269
24	NZGS0321	NZGS	03	21	30	210	51.4	231.4	0	0	0	0	NZZC	NZGS Gisborne	-38.666069	177.971878	-38.659011	177.981889
25	NZGS0927	NZGS	09	27	90	270	111.4	291.4	0	0	0	0	NZZC	NZGS Gisborne	-38.659603	177.970047	-38.663958	177.982314
26	NZGS1432	NZGS	14	32	144	324	165.4	345.4	10	10	1	1	NZZC	NZGS Gisborne	-38.6583	177.974975	-38.669686	177.979039
27	NZGT1533	NZGT	15	33	147	327	171.1	351.1	0	0	0	0	NZZC	NZGT Glentanner	-43.906092	170.12775	-43.915428	170.129942
28	NZGY1432	NZGY	14	32	140	320	164.5	344.5	0	0	0	0	NZZC	NZGY Glenorchy	-44.868572	168.396758	-44.874439	168.399017
29	NZHA1432	NZHA	14	32	140	320	161.6	341.6	0	0	0	0	NZZC	NZHA Hawera	-39.549875	174.266028	-39.557828	174.269719
30	NZHK0321	NZHK	03	21	34	214	57.3	237.3	0	0	0	0	NZZC	NZHK Hokitika	-42.713394	170.980258	-42.707764	170.992069
31	NZHK1230	NZHK	12	30	124	304	147.3	327.3	0	0	0	0	NZZC	NZHK Hokitika	-42.710958	170.984431	-42.719842	170.992242
32	NZHN18L36R	NZHN	18L	36R	176	356	196.6	16.6	10	10	1	1	NZZC	NZHN Hamilton	-37.855806	175.336172	-37.87365	175.329706
33	NZHS0119	NZHS	01	19	6	186	27.9	207.9	0	0	0	0	NZZC	NZHS Hastings	-39.648272	176.764161	-39.64065	176.769653
34	NZHS1129	NZHS	11	29	110	290	131.9	311.9	0	0	0	0	NZZC	NZHS Hastings	-39.644025	176.7621	-39.648053	176.768142
35	NZKF0725	NZKF	07	25	70	250	89.7	269.7	0	0	0	0	NZZC	NZKF Kaipara Flats	-36.406167	174.583497	-36.405936	174.591156
36	NZKI0523	NZKI	05	23	50	230	73.5	253.5	0	0	0	0	NZZC	NZKI Kaikoura	-42.426308	173.600297	-42.423867	173.608017
37	NZKK0220	NZKK	02	20	22	202	40.9	220.9	0	0	0	0	NZZC	NZKK Kerikeri	-35.263672	173.913986	-35.260239	173.917464
38	NZKK1533	NZKK	15	33	147	327	165.9	345.9	3	3	1	1	NZZC	NZKK Kerikeri	-35.252417	173.910506	-35.262803	173.91375
39	NZKM0119	NZKM	01	19	10	190	32.4	212.4	0	0	0	0	NZZC	NZKM Karamea	-41.240792	172.103225	-41.233544	172.108414
40	NZKM1735	NZKM	17	35	170	350	192.4	12.4	0	0	0	0	NZZC	NZKM Karamea	-41.235131	172.104994	-41.240897	172.103378
41	NZKO1331	NZKO	13	31	130	310	149	329	0	0	0	0	NZZC	NZKO Kaikohe	-35.448219	173.812683	-35.455247	173.818175
42	NZKO1735	NZKO	17	35	170	350	189	9	0	0	0	0	NZZC	NZKO Kaikohe	-35.443439	173.8172	-35.457128	173.814544
43	NZKP1028	NZKP	10	28	99	279	121.4	301.4	0	0	0	0	NZZC	NZKP Koputaroa	-40.559342	175.332681	-40.561633	175.337756
44	NZKT1230	NZKT	12	30	124	304	142.8	322.8	3	3	1	1	NZZC	NZKT Kaitaia	-35.064536	173.281014	-35.074508	173.290461
45	NZKT1836	NZKT	18	36	183	3	201.8	21.8	0	0	0	0	NZZC	NZKT Kaitaia	-35.068853	173.288228	-35.076614	173.284742
46	NZLE1129	NZLE	11	29	106	286	128.9	308.9	0	0	0	0	NZZC	NZLE Lake Station/Nelson Lakes	-41.755194	172.739914	-41.764197	172.754867
47	NZLX0119	NZLX	01	19	5	185	30	210	0	0	0	0	NZZC	NZLX Alexandra	-45.213739	169.368483	-45.209167	169.372058
48	NZLX1432	NZLX	14	32	135	315	160	340	0	0	0	0	NZZC	NZLX Alexandra	-45.206325	169.368986	-45.216444	169.374331
49	NZMA0422	NZMA	04	22	40	220	60.6	240.6	0	0	0	0	NZZC	NZMA Matamata	-37.733314	175.73735	-37.729836	175.745317
50	NZMA1028	NZMA	10	28	110	290	130.6	310.6	0	0	0	0	NZZC	NZMA Matamata	-37.73465	175.736664	-37.740692	175.748811
51	NZMC1331	NZMC	13	31	130	310	154	334	0	0	0	0	NZZC	NZMC Mount Cook	-43.760333	170.131028	-43.772336	170.138625
52	NZME0927	NZME	09	27	90	270	110.2	290.2	0	0	0	0	NZZC	NZME Mercer	-37.259044	175.114411	-37.262806	175.125947
53	NZMF1129	NZMF	11	29	108	288	132.3	312.3	0	0	0	0	NZZC	NZMF Milford Sound	-44.671417	167.919094	-44.675447	167.927042
54	NZMO0826	NZMO	08	26	77	257	101.9	281.9	0	0	0	0	NZZC	NZMO Te Anau/Manapouri	-45.531567	167.643186	-45.534492	167.662997
55	NZMR1331	NZMR	13	31	130	310	152.8	332.8	0	0	0	0	NZZC	NZMR Murchison	-41.794633	172.312744	-41.799011	172.316314
56	NZMS0624	NZMS	06	24	55	235	77.7	257.7	0	0	0	0	NZZC	NZMS Masterton	-40.975867	175.62755	-40.973622	175.640547
57	NZMS1028	NZMS	10	28	100	280	122.7	302.7	0	0	0	0	NZZC	NZMS Masterton	-40.972156	175.626389	-40.977531	175.637619
58	NZNE0321	NZNE	03	21	27	207	46.8	226.8	3	3	1	1	NZZC	NZNE North Shore	-36.658144	174.653108	-36.654272	174.658264
59	NZNE0927	NZNE	09	27	85	265	104.8	284.8	0	0	0	0	NZZC	NZNE North Shore	-36.655806	174.654033	-36.656967	174.659425
60	NZNF0119	NZNF	01	19	12	192	33.3	213.3	0	0	0	0	NZZC	NZNF Norfolk	-39.209164	174.219303	-39.202336	174.224933
61	NZNP0523	NZNP	05	23	45	225	66.2	246.2	10	10	1	1	NZZC	NZNP New Plymouth	-39.010447	174.170067	-39.005644	174.183889
62	NZNR0725	NZNR	07	25	68	248	89.8	269.8	0	0	0	0	NZZC	NZNR Napier	-39.464539	176.857611	-39.464353	176.871542
63	NZNR1634	NZNR	16	34	164	344	185.8	5.8	10	10	1	1	NZZC	NZNR Napier	-39.461989	176.868039	-39.477694	176.866311
64	NZNS0220	NZNS	02	20	18	198	40.6	220.6	10	10	1	1	NZZC	NZNS Nelson	-41.301397	173.218922	-41.292228	173.229461
65	NZNS0624	NZNS	06	24	62	242	84.6	264.6	0	0	0	0	NZZC	NZNS Nelson	-41.296131	173.217011	-41.295453	173.224183
66	NZNV0422	NZNV	04	22	39	219	64.9	244.9	10	10	1	1	NZZC	NZNV Invercargill	-46.418411	168.302258	-46.4111	168.324744
67	NZNV1230	NZNV	12	30	115	295	140.9	320.9	0	0	0	0	NZZC	NZNV Invercargill	-46.412286	168.314561	-46.417694	168.320939
68	NZOH0927	NZOH	09	27	87	267	109.1	289.1	10	10	1	1	NZZC	NZOH Ohakea Military	-40.202656	175.374253	-40.209369	175.399756
69	NZOH1533	NZOH	15	33	147	327	169.1	349.1	0	0	0	0	NZZC	NZOH Ohakea Military	-40.199731	175.386006	-40.217264	175.390464
70	NZOM0119	NZOM	01	19	13	193	35.9	215.9	0	0	0	0	NZZC	NZOM Omaka	-41.545114	173.920564	-41.538097	173.9274
71	NZOM0725	NZOM	07	25	66	246	88.9	268.9	0	0	0	0	NZZC	NZOM Omaka	-41.541133	173.919769	-41.540347	173.928008
72	NZOM1230	NZOM	12	30	117	297	139.9	319.9	0	0	0	0	NZZC	NZOM Omaka	-41.538272	173.920517	-41.545017	173.928453
73	NZOP0927	NZOP	09	27	90	270	111	291	0	0	0	0	NZZC	NZOP Opotiki	-38.021842	177.300111	-38.024192	177.311311
74	NZOU0220	NZOU	02	20	20	200	45.1	225.1	0	0	0	0	NZZC	NZOU Oamaru	-44.968639	171.081772	-44.963603	171.088822
75	NZOU1129	NZOU	11	29	110	290	135.1	315.1	0	0	0	0	NZZC	NZOU Oamaru	-44.969136	171.082017	-44.974736	171.089889
76	NZOU1836	NZOU	18	36	182	2	207.1	27.1	10	10	5	5	NZZC	NZOU Oamaru	-44.96185	171.085172	-44.972167	171.077861
77	NZOX1836	NZOX	18	36	180	360	199.6	19.6	2	2	2	2	NZZC	NZOX Okiwi Station	-36.143194	175.419608	-36.149436	175.416417
78	NZPM0725	NZPM	07	25	69	249	91.3	271.3	10	10	1	1	NZZC	NZPM Palmerston North	-40.319864	175.604869	-40.319836	175.624669
79	NZPN1836	NZPN	18	36	180	360	202.8	22.8	0	0	0	0	NZZC	NZPN Picton	-41.344122	173.958497	-41.349311	173.954389
80	NZPP1634	NZPP	16	34	158	338	180.6	0.6	3	3	1	1	NZZC	NZPP Paraparaumu	-40.901261	174.987925	-40.910642	174.987931
81	NZQN0523	NZQN	05	23	53	233	77.7	257.7	10	10	1	1	NZZC	NZQN Queenstown	-45.02	168.735689	-45.016544	168.757728
82	NZQN1432	NZQN	14	32	140	320	164.7	344.7	0	0	0	0	NZZC	NZQN Queenstown	-45.017783	168.7412	-45.023917	168.744156
83	NZRA0523	NZRA	05	23	50	230	70.5	250.5	0	0	0	0	NZZC	NZRA Raglan	-37.806069	174.856078	-37.8042	174.862275
84	NZRO1836	NZRO	18	36	184	4	204.9	24.9	10	10	1	1	NZZC	NZRO Rotorua	-38.100444	176.320344	-38.115486	176.311436
85	NZRT0422	NZRT	04	22	40	220	64	244	0	0	0	0	NZZC	NZRT Rangiora	-43.29076	172.54007	-43.288654	172.545746
86	NZRT0725	NZRT	07	25	70	250	94	274	0	0	0	0	NZZC	NZRT Rangiora	-43.288758	172.534606	-43.288964	172.547853
87	NZRT1028	NZRT	10	28	100	280	124	304	0	0	0	0	NZZC	NZRT Rangiora	-43.287542	172.535692	-43.290928	172.542831
88	NZSD0927	NZSD	09	27	91	271	112.4	292.4	0	0	0	0	NZZC	NZSD Stratford	-39.316222	174.303161	-39.319244	174.313325
89	NZSD1634	NZSD	16	34	164	344	185.4	5.4	0	0	0	0	NZZC	NZSD Stratford	-39.315528	174.309281	-39.320075	174.308761
90	NZSL1634	NZSL	16	34	161	341	180.6	0.6	0	0	5	0	NZZC	NZSL Springhill	-36.320661	174.555944	-36.325256	174.5559
91	NZTG0725	NZTG	07	25	73	253	93.6	273.6	10	10	1	1	NZZC	NZTG Tauranga	-37.67275	176.188389	-37.673806	176.209056
92	NZTG1634	NZTG	16	34	160	340	180.6	0.6	0	0	0	0	NZZC	NZTG Tauranga	-37.670656	176.194336	-37.676767	176.193878
93	NZTH0523	NZTH	05	23	50	230	70.2	250.2	0	0	0	0	NZZC	NZTH Thames	-37.161614	175.545669	-37.159583	175.551711
94	NZTI0523	NZTI	05	23	50	230	75.8	255.8	0	0	0	0	NZZC	NZTI Taieri	-45.862453	170.358383	-45.859736	170.367936
95	NZTI1129	NZTI	11	29	110	290	135.8	315.8	0	0	0	0	NZZC	NZTI Taieri	-45.858319	170.357025	-45.861797	170.363922
96	NZTK1836	NZTK	18	36	178	358	200.2	20.2	0	0	0	0	NZZC	NZTK Takaka	-40.811181	172.777531	-40.817319	172.77455
97	NZTM0119	NZTM	01	19	10	190	31.2	211.2	0	0	0	0	NZZC	NZTM Taumarunui	-38.84325	175.258544	-38.834361	175.266389
98	NZTN0220	NZTN	02	20	20	200	41.4	221.4	0	0	0	0	NZZC	NZTN Turangi	-38.971083	175.811036	-38.964936	175.816864
99	NZTO1331	NZTO	13	31	124	304	144.9	324.9	3	3	1	1	NZZC	NZTO Tokoroa	-38.235425	175.891744	-38.241714	175.89735
100	NZTT1634	NZTT	16	34	160	340	180.9	0.9	0	0	0	0	NZZC	NZTT Te Kuiti	-38.300167	175.147667	-38.307119	175.147667
101	NZTU0220	NZTU	02	20	17	197	41.6	221.6	0	0	0	0	NZZC	NZTU Timaru	-44.303272	171.220639	-44.294633	171.231261
102	NZTU1129	NZTU	11	29	110	290	134.6	314.6	0	0	0	0	NZZC	NZTU Timaru	-44.300319	171.225419	-44.306072	171.234269
103	NZUK1533	NZUK	15	33	149	329	173.3	353.3	0	0	0	0	NZZC	NZUK Pukaki	-44.233533	170.118478	-44.243189	170.120239
104	NZUN0523	NZUN	05	23	50	230	70.2	250.2	0	0	0	0	NZZC	NZUN Pauanui Beach	-37.022078	175.860008	-37.019775	175.867244
105	NZWB0624	NZWB	06	24	63	243	85.9	265.9	10	10	1	1	NZZC	NZWB Woodbourne	-41.518322	173.860875	-41.517417	173.877906
106	NZWB1028	NZWB	10	28	100	280	122.9	302.9	0	0	0	0	NZZC	NZWB Woodbourne	-41.514308	173.863603	-41.519628	173.874986
107	NZWF1129	NZWF	11	29	114	294	138.6	318.6	0	0	0	0	NZZC	NZWF Wanaka	-44.718056	169.241306	-44.726111	169.251389
108	NZWK0927	NZWK	09	27	92	272	112.9	292.9	3	3	1	1	NZZC	NZWK Whakatane	-37.919939	176.909972	-37.924317	176.92345
109	NZWM0422	NZWM	04	22	39	218	64	243	0	0	0	0	NZZC	NZWM Waimate	-44.791031	171.088272	-44.788422	171.095567
110	NZWM0927	NZWM	09	27	87	267	112	292	0	0	0	0	NZZC	NZWM Waimate	-44.789925	171.08728	-44.791634	171.093567
111	NZWN1634	NZWN	16	34	160	340	182.9	2.9	15	15	1	1	NZZC	NZWN Wellington Intl	-41.318622	174.807458	-41.334939	174.806358
112	NZWO1634	NZWO	16	34	155	335	176.6	356.6	0	0	0	0	NZZC	NZWO Wairoa	-39.00755	177.404069	-39.01575	177.404714
113	NZWP0321	NZWP	03	21	33	213	52.9	232.9	10	10	1	1	NZZC	NZWP Whenuapai Military	-36.796181	174.620886	-36.785153	174.639053
114	NZWP0826	NZWP	08	26	78	258	97.9	277.9	0	0	0	0	NZZC	NZWP Whenuapai Military	-36.783758	174.623467	-36.785733	174.641011
115	NZWR0624	NZWR	06	24	62	242	81.3	261.3	3	3	1	1	NZZC	NZWR Whangarei	-35.769875	174.357825	-35.768372	174.369817
116	NZWR1432	NZWR	14	32	140	320	159.3	339.3	0	0	0	0	NZZC	NZWR Whangarei	-35.769944	174.359269	-35.773842	174.361253
117	NZWS0422	NZWS	04	22	34	214	56.7	236.7	3	3	1	1	NZZC	NZWS Westport	-41.740281	171.572586	-41.733933	171.585442
118	NZWT0422	NZWT	04	22	35	215	55.1	235.1	0	0	0	0	NZZC	NZWT Whitianga	-36.832306	175.676317	-36.825625	175.68855
119	NZWT1634	NZWT	16	34	158	338	178.1	358.1	0	0	0	0	NZZC	NZWT Whitianga	-36.825436	175.679925	-36.831206	175.680208
120	NZWU0826	NZWU	08	26	81	261	102.9	282.9	0	0	0	0	NZZC	NZWU Whanganui	-39.962672	175.020797	-39.963925	175.028489
121	NZWU1129	NZWU	11	29	105	285	126.9	306.9	3	3	1	1	NZZC	NZWU Whanganui	-39.959772	175.018042	-39.967169	175.030853
122	NZWU1432	NZWU	14	32	136	316	157.9	337.9	0	0	0	0	NZZC	NZWU Whanganui	-39.959881	175.021042	-39.967442	175.025222
123	NZWV1331	NZWV	13	31	130	310	150.4	330.4	0	0	0	0	NZZC	NZWV Waihi Beach	-37.428214	175.950578	-37.432189	175.95375
124	NZRC0422	NZRC	04	22	37	217	63.3	243.3	2	2	2	2	NZZC	NZRC Ryans Creek	-46.901022	168.097467	-46.898461	168.104856
248	AGAT1331	AGAT	13	31	131	311	139.8	319.8	0	0	0	0	NZZO	AGAT Atoifi	-8.870342	161.008958	-8.876186	161.013889
249	AGGA1836	AGGA	18	36	180	360	188.7	8.7	0	0	0	0	NZZO	AGGA Auki	-8.698336	160.682372	-8.706822	160.681133
250	AGGB1129	AGGB	11	29	104	284	113	293	0	0	0	0	NZZO	AGGB Bellona	-11.300914	159.795225	-11.303281	159.800836
251	AGGC1331	AGGC	13	31	139	319	146.5	326.5	0	0	0	0	NZZO	AGGC Choiseul	-6.709522	156.394586	-6.714542	156.397803
252	AGGE0422	AGGE	04	22	44	224	51.5	231.5	0	0	0	0	NZZO	AGGE Ballalae	-6.995425	155.879947	-6.986239	155.891717
253	AGGF1836	AGGF	18	36	177	357	185.4	5.4	0	0	0	0	NZZO	AGGF Maringe	-8.103192	159.577583	-8.109742	159.576781
254	AGGH0624	AGGH	06	24	59	239	67.7	247.7	0	0	0	0	NZZO	AGGH Honiara Intl	-9.431961	160.045183	-9.424519	160.063758
255	AGGI1735	AGGI	17	35	167	348	175.7	356.7	0	0	0	0	NZZO	AGGI Babanakira	-9.744722	159.839519	-9.750803	159.839803
256	AGGJ1432	AGGJ	14	32	140	320	148.9	328.9	0	0	0	0	NZZO	AGGJ Avu Avu	-9.865967	160.40905	-9.871083	160.41215
257	AGGK1028	AGGK	10	28	102	282	111.2	291.2	0	0	0	0	NZZO	AGGK Kirakira	-10.447478	161.8935	-10.451572	161.90375
258	AGGL0523	AGGL	05	23	54	234	64	244	0	0	0	0	NZZO	AGGL Santa Cruz	-10.721247	165.793728	-10.717653	165.801275
259	AGGM0725	AGGM	07	25	71	251	79	259	0	0	0	0	NZZO	AGGM Munda	-8.328747	157.253725	-8.325686	157.269775
260	AGGN1432	AGGN	14	32	141	321	148.8	328.8	0	0	0	0	NZZO	AGGN Gizo	-8.095117	156.862042	-8.101867	156.866211
261	AGGO0422	AGGO	04	22	34	214	41.5	221.5	0	0	0	0	NZZO	AGGO Mono/Stirling Island	-7.418492	155.563678	-7.411925	155.569728
262	AGGP1230	AGGP	12	30	120	300	129	309	0	0	0	0	NZZO	AGGP Parasi	-9.639228	161.422469	-9.643578	161.428208
263	AGGR1230	AGGR	12	30	119	299	128.1	308.1	0	0	0	0	NZZO	AGGR Rennell/Tingoa	-11.548683	160.060939	-11.552433	160.065786
264	AGGS1028	AGGS	10	28	97	277	105.1	285.1	0	0	0	0	NZZO	AGGS Seghe	-8.577364	157.871692	-8.579561	157.879714
265	AGGT1129	AGGT	11	29	111	291	120.4	300.4	0	0	0	0	NZZO	AGGT Santa Anna	-10.846514	162.451356	-10.850181	162.457756
266	AGGV0422	AGGV	04	22	39	219	47.2	227.2	0	0	0	0	NZZO	AGGV Suavanao	-7.588408	158.727783	-7.582714	158.734069
267	AGGY1230	AGGY	12	30	119	299	127.5	307.5	0	0	0	0	NZZO	AGGY Yandina/Russell Islands	-9.092836	159.218578	-9.098014	159.225244
268	AGKG1432	AGKG	14	32	140	320	147.9	327.9	0	0	0	0	NZZO	AGKG Kaghau	-7.326822	157.582947	-7.333081	157.586425
269	ANYN1230	ANYN	12	30	121	301	129.8	309.8	0	0	0	0	NZZO	ANYN Nauru Intl	-0.541544	166.912144	-0.553069	166.925683
270	AYBK0422	AYBK	04	22	40	220	46.9	226.9	0	0	0	0	NZZO	AYBK Buka	-5.427028	154.667472	-5.417528	154.677944
271	AYGN0927	AYGN	09	27	93	273	99.7	279.7	0	0	0	0	NZZO	AYGN Gurney	-10.308947	150.326561	-10.312378	150.344092
272	AYKA1432	AYKA	14	32	132	312	138.6	318.6	0	0	0	0	NZZO	AYKA Losuia	-8.500367	151.075867	-8.512217	151.086083
273	AYMS0826	AYMS	08	26	76	256	83.3	263.3	0	0	0	0	NZZO	AYMS Misima	-10.6894	152.8321	-10.6887	152.843033
274	NCAI1432	NCAI	14	32	141	321	154.4	334.4	0	0	0	0	NZZO	NCAI Aitutaki	-18.829642	-159.764772	-18.844458	-159.7572
275	NCAT0927	NCAT	09	27	87	267	100.8	280.8	0	0	0	0	NZZO	NCAT Atiu	-19.966753	-158.125594	-19.968839	-158.113814
276	NCMG1331	NCMG	13	31	131	311	145.4	325.4	0	0	0	0	NZZO	NCMG Mangaia	-21.89215	-157.90935	-21.899611	-157.903714
277	NCMH1432	NCMH	14	32	138	318	149.1	329.1	0	0	0	0	NZZO	NCMH Manihiki	-10.375667	-161.002497	-10.386472	-160.996014
278	NCMK1028	NCMK	10	28	99	279	112.8	292.8	0	0	0	0	NZZO	NCMK Mauke	-20.133672	-157.351897	-20.139294	-157.337878
279	NCMR0927	NCMR	09	27	94	274	107.7	287.7	0	0	0	0	NZZO	NCMR Mitiaro	-19.840981	-157.708717	-19.844228	-157.697783
280	NCPK0725	NCPK	07	25	73	253	84.2	264.2	0	0	0	0	NZZO	NCPK Pukapuka	-10.915147	-165.845692	-10.913783	-165.833097
281	NCPY1432	NCPY	14	32	141	321	151.8	331.8	0	0	0	0	NZZO	NCPY Penrhyn	-9.006392	-158.036506	-9.023619	-158.027306
282	NCRG0826	NCRG	08	26	76	256	90.2	270.2	0	0	0	0	NZZO	NCRG Rarotonga Intl	-21.202583	-159.815708	-21.202586	-159.795447
283	NFFN0220	NFFN	02	20	25	205	37.6	217.6	0	0	0	0	NZZO	NFFN Nadi Intl	-17.772811	177.429108	-17.750308	177.447319
284	NFFN0927	NFFN	09	27	92	272	104.6	284.6	0	0	0	0	NZZO	NFFN Nadi Intl	-17.753278	177.436947	-17.757767	177.455597
285	NFNA1028	NFNA	10	28	96	276	108.7	288.7	0	0	0	0	NZZO	NFNA Nausori Intl	-18.040892	178.551967	-18.047272	178.571136
286	NFNH1735	NFNH	17	35	166	346	178.5	358.5	0	0	0	0	NZZO	NFNH Laucala	-16.742142	-179.667347	-16.752422	-179.666942
287	NFNL1331	NFNL	13	31	135	315	147.4	327.4	0	0	0	0	NZZO	NFNL Labasa	-16.463764	179.336786	-16.471744	179.342408
288	NFNM1129	NFNM	11	29	107	287	119.5	299.5	0	0	0	0	NZZO	NFNM Matei	-16.688364	-179.881328	-16.692844	-179.873181
289	NFNR0725	NFNR	07	25	71	251	82.4	262.4	0	0	0	0	NZZO	NFNR Rotuma	-12.483572	177.065058	-12.481942	177.077878
290	NFNS1432	NFNS	14	32	144	324	156.5	336.5	0	0	0	0	NZZO	NFNS Savusavu	-16.799897	179.339061	-16.806542	179.342097
291	NFTE1634	NFTE	16	34	157	337	171	351	0	0	0	0	NZZO	NFTE Eua	-21.373953	-174.958311	-21.381083	-174.957083
292	NFTF1129	NFTF	11	29	108	288	121.9	301.9	0	0	0	0	NZZO	NFTF Fuaamotu Intl	-21.234458	-175.160903	-21.247208	-175.139058
293	NFTF1735	NFTF	17	35	168	348	181.9	1.9	0	0	0	0	NZZO	NFTF Fuaamotu Intl	-21.239853	-175.138817	-21.248114	-175.139092
294	NFTL1129	NFTL	11	29	107	287	120.5	300.5	0	0	0	0	NZZO	NFTL Haapai	-19.774231	-174.346206	-19.779708	-174.336322
295	NFTO0826	NFTO	08	26	80	260	92.3	272.3	0	0	0	0	NZZO	NFTO Niuafoou	-15.5706	-175.634931	-15.570608	-175.625061
296	NFTP1129	NFTP	11	29	114	294	126.4	306.4	0	0	0	0	NZZO	NFTP Niuatoputapu	-15.973772	-173.795992	-15.979089	-173.78845
297	NFTV0826	NFTV	08	26	83	263	96.1	276.1	0	0	0	0	NZZO	NFTV Vavau	-18.585167	-173.966119	-18.586042	-173.957678
298	NGFU0321	NGFU	03	21	32	212	42.9	222.9	0	0	0	0	NZZO	NGFU Funafuti Intl	-8.529069	179.192014	-8.518919	179.201547
299	NGNU0624	NGNU	06	24	61	241	70.9	250.9	0	0	0	0	NZZO	NGNU Nikunau	-1.316169	176.405281	-1.313083	176.414081
300	NGTA0927	NGTA	09	27	88	268	97.4	277.4	0	0	0	0	NZZO	NGTA Bonriki Intl	1.382761	173.138083	1.380567	173.155308
301	NGTB0927	NGTB	09	27	89	269	98.5	278.5	0	0	0	0	NZZO	NGTB Abemama	0.491569	173.8246	0.490286	173.833586
302	NGTE1432	NGTE	14	32	142	322	151.8	331.8	0	0	0	0	NZZO	NGTE Tabiteuea North	-1.219647	174.773872	-1.227194	174.777806
303	NGTR0927	NGTR	09	27	89	269	99	279	0	0	0	0	NZZO	NGTR Arorae	-2.615669	176.798519	-2.616886	176.806636
304	NGTU0624	NGTU	06	24	60	240	69.2	249.2	0	0	0	0	NZZO	NGTU Butaritari	3.085592	172.80945	3.08675	172.812425
305	NIUE1028	NIUE	10	28	97	277	110.3	290.3	0	0	0	0	NZZO	NIUE Niue Intl	-19.075392	-169.936181	-19.082547	-169.915303
306	NLWF0725	NLWF	07	25	71	251	83	263	0	0	0	0	NZZO	NLWF Point Vele	-14.312244	-178.071483	-14.310956	-178.061375
307	NLWW0826	NLWW	08	26	78	258	89.8	269.8	0	0	0	0	NZZO	NLWW Hihifo	-13.238331	-176.208931	-13.238306	-176.190156
308	NSAS0826	NSAS	08	26	86	266	98	278	0	0	0	0	NZZO	NSAS Ofu	-14.183986	-169.672872	-14.1847	-169.667328
309	NSFA0826	NSFA	08	26	77	257	88.9	268.9	0	0	0	0	NZZO	NSFA Faleolo Intl	-13.830214	-172.022278	-13.829886	-171.994481
310	NSFQ1230	NSFQ	12	30	122	302	134	314	0	0	0	0	NZZO	NSFQ Fitiuta	-14.213058	-169.426808	-14.219167	-169.420289
311	NSMA0826	NSMA	08	26	80	260	91.9	271.9	0	0	0	0	NZZO	NSMA Maota	-13.742261	-172.261167	-13.742319	-172.254686
312	NSTU0523	NSTU	05	23	48	228	60	240	0	0	0	0	NZZO	NSTU Pago Pago Intl	-14.339136	-170.722778	-14.327881	-170.702661
313	NSTU0826	NSTU	08	26	78	258	90	270	0	0	0	0	NZZO	NSTU Pago Pago Intl	-14.326425	-170.712989	-14.326419	-170.70225
314	NTAA0422	NTAA	04	22	41	221	54	234	0	0	0	0	NZZO	NTAA Faaa	-17.56105	-149.617825	-17.545564	-149.595386
315	NTAM0725	NTAM	07	25	74	254	88.7	268.7	0	0	0	0	NZZO	NTAM Rimatara	-22.637408	-152.812797	-22.637094	-152.799181
316	NTAR0927	NTAR	09	27	93	273	107.6	287.6	0	0	0	0	NZZO	NTAR Rurutu	-22.431653	-151.367069	-22.435608	-151.353897
317	NTAT0321	NTAT	03	21	33	213	48	228	0	0	0	0	NZZO	NTAT Mataura	-23.369842	-149.529717	-23.360814	-149.518775
318	NTAV0624	NTAV	06	24	58	238	73.1	253.1	0	0	0	0	NZZO	NTAV Raivavae	-23.887178	-147.668439	-23.883411	-147.655314
319	NTGA1432	NTGA	14	32	137	317	149.9	329.9	0	0	0	0	NZZO	NTGA Anaa	-17.346733	-145.513503	-17.358111	-145.506608
320	NTGB0725	NTGB	07	25	73	253	85.3	265.3	0	0	0	0	NZZO	NTGB Fangatau	-15.820414	-140.892406	-15.819622	-140.882636
321	NTGC0624	NTGC	06	24	63	243	75.3	255.3	0	0	0	0	NZZO	NTGC Tikehau	-15.121211	-148.236989	-15.11825	-148.225269
322	NTGD1230	NTGD	12	30	121	301	133.4	313.4	0	0	0	0	NZZO	NTGD Apataki	-15.572842	-146.415897	-15.577972	-146.410256
323	NTGE1129	NTGE	11	29	113	293	125.9	305.9	0	0	0	0	NZZO	NTGE Reao	-18.463678	-136.442792	-18.469642	-136.434136
324	NTGF0523	NTGF	05	23	52	232	64.5	244.5	0	0	0	0	NZZO	NTGF Fakarava	-16.057344	-145.663853	-16.051914	-145.652022
325	NTGH1028	NTGH	10	28	100	280	112.9	292.9	0	0	0	0	NZZO	NTGH Hikueru	-17.545964	-142.617425	-17.550256	-142.607047
326	NTGI0422	NTGI	04	22	44	224	56	236	0	0	0	0	NZZO	NTGI Manihi	-14.438589	-146.073367	-14.432036	-146.063303
327	NTGJ1230	NTGJ	12	30	122	302	136.4	316.4	0	0	0	0	NZZO	NTGJ Totegegie	-23.074811	-134.895419	-23.086222	-134.883739
328	NTGK0220	NTGK	02	20	16	196	28.4	208.4	0	0	0	0	NZZO	NTGK Kaukura	-15.666869	-146.886767	-15.658669	-146.882181
329	NTGM1129	NTGM	11	29	111	291	123.6	303.6	0	0	0	0	NZZO	NTGM Makemo	-16.580081	-143.664236	-16.587039	-143.653278
330	NTGN1028	NTGN	10	28	105	285	116.9	296.9	0	0	0	0	NZZO	NTGN Napuka	-14.175294	-141.270258	-14.179681	-141.261558
331	NTGO0826	NTGO	08	26	77	257	89.7	269.7	0	0	0	0	NZZO	NTGO Tatakoto	-17.355278	-138.453053	-17.355256	-138.441853
332	NTGP1028	NTGP	10	28	100	280	112	292	0	0	0	0	NZZO	NTGP Puka Puka	-14.807794	-138.816786	-14.81125	-138.8082
333	NTGQ1230	NTGQ	12	30	121	301	133.9	313.9	0	0	0	0	NZZO	NTGQ Pukarua	-18.292103	-137.020192	-18.299525	-137.012181
334	NTGR0725	NTGR	07	25	67	247	79.4	259.4	0	0	0	0	NZZO	NTGR Aratika-Perles	-15.623561	-145.500136	-15.622236	-145.493789
335	NTGT0725	NTGT	07	25	68	248	80.1	260.1	0	0	0	0	NZZO	NTGT Takapoto Aero	-14.710222	-145.250061	-14.708817	-145.241622
336	NTGU1028	NTGU	10	28	104	284	116.3	296.3	0	0	0	0	NZZO	NTGU Arutua	-15.245586	-146.622044	-15.250833	-146.611214
337	NTGV0119	NTGV	01	19	5	185	17.2	197.2	0	0	0	0	NZZO	NTGV Mataiva	-14.877542	-148.715486	-14.867197	-148.712133
338	NTGW0725	NTGW	07	25	71	251	84.3	264.3	0	0	0	0	NZZO	NTGW Nukutavake	-19.285094	-138.772897	-19.284211	-138.764197
339	NTGY1836	NTGY	18	36	178	358	191.7	11.7	0	0	0	0	NZZO	NTGY Tureia	-20.780361	-138.567047	-20.790258	-138.569275
340	NTHE0624	NTHE	06	24	57	237	69	249	0	0	0	0	NZZO	NTHE Ahe	-14.430061	-146.262125	-14.425997	-146.251406
341	NTKA0826	NTKA	08	26	81	261	93.4	273.4	0	0	0	0	NZZO	NTKA Kauehi	-15.780278	-145.133708	-15.780956	-145.122531
342	NTKF0826	NTKF	08	26	77	257	89.7	269.7	0	0	0	0	NZZO	NTKF Faaite	-16.686592	-145.334819	-16.686475	-145.323761
343	NTKH1028	NTKH	10	28	98	278	110.3	290.3	0	0	0	0	NZZO	NTKH Fakahina	-15.990769	-140.168367	-15.993856	-140.159578
344	NTKK0826	NTKK	08	26	84	264	96.3	276.3	0	0	0	0	NZZO	NTKK Aratika Nord	-15.484997	-145.470758	-15.486161	-145.459025
345	NTKM1331	NTKM	13	31	126	306	138.4	318.4	0	0	0	0	NZZO	NTKM Takume	-15.854233	-142.269328	-15.860297	-142.263711
346	NTKN0624	NTKN	06	24	59	239	71.5	251.5	0	0	0	0	NZZO	NTKN Niau	-16.120797	-146.373683	-16.117436	-146.363211
347	NTKO1634	NTKO	16	34	162	342	174.4	354.4	0	0	0	0	NZZO	NTKO Raroia	-16.045033	-142.477131	-16.055647	-142.476061
348	NTKR0725	NTKR	07	25	74	254	86	266	0	0	0	0	NZZO	NTKR Takaroa	-14.456203	-145.0294	-14.455553	-145.019664
349	NTKT0826	NTKT	08	26	75	255	87.6	267.6	0	0	0	0	NZZO	NTKT Katiu	-16.339869	-144.413136	-16.339442	-144.402097
350	NTKU1432	NTKU	14	32	141	321	154.9	334.9	0	0	0	0	NZZO	NTKU Nukutepipi	-20.695394	-143.048058	-20.705239	-143.043236
351	NTMD0624	NTMD	06	24	58	238	68.6	248.6	0	0	0	0	NZZO	NTMD Nuku Hiva	-8.798456	-140.235931	-8.792792	-140.221686
352	NTMN0220	NTMN	02	20	18	198	28.7	208.7	0	0	0	0	NZZO	NTMN Atuona	-9.770814	-139.012481	-9.759469	-139.006044
353	NTMP1432	NTMP	14	32	142	322	152.7	332.7	0	0	0	0	NZZO	NTMP Ua Pou	-9.343842	-140.081453	-9.350431	-140.078114
354	NTMU0927	NTMU	09	27	89	269	99.6	279.6	0	0	0	0	NZZO	NTMU Ua Huka	-8.935694	-139.557361	-8.936797	-139.550583
355	NTTB1129	NTTB	11	29	112	292	124.7	304.7	0	0	0	0	NZZO	NTTB Motu Mute	-16.440489	-151.757092	-16.448192	-151.745475
356	NTTE0624	NTTE	06	24	62	242	74.8	254.8	0	0	0	0	NZZO	NTTE Tetiaroa	-17.015783	-149.592458	-17.014081	-149.585928
357	NTTG0927	NTTG	09	27	94	274	106.2	286.2	0	0	0	0	NZZO	NTTG Rangiroa	-14.951606	-147.670236	-14.95555	-147.656539
358	NTTH0725	NTTH	07	25	67	247	79.7	259.7	0	0	0	0	NZZO	NTTH Fare	-16.688214	-151.028114	-16.685842	-151.014733
359	NTTM1230	NTTM	12	30	122	302	135	315	0	0	0	0	NZZO	NTTM Moorea Temae	-17.485822	-149.765806	-17.493717	-149.757664
360	NTTO1230	NTTO	12	30	122	302	135	315	0	0	0	0	NZZO	NTTO Hao	-18.064242	-140.957097	-18.085517	-140.934678
361	NTTP0826	NTTP	08	26	76	256	88.7	268.7	0	0	0	0	NZZO	NTTP Maupiti	-16.426597	-152.24795	-16.426392	-152.239206
362	NTTR0725	NTTR	07	25	71	251	83.7	263.7	0	0	0	0	NZZO	NTTR Uturoa	-16.723606	-151.472372	-16.722253	-151.459331
363	NTUV0624	NTUV	06	24	57	237	70.1	250.1	0	0	0	0	NZZO	NTUV Vahitahi	-18.782075	-138.859658	-18.77935	-138.851617
364	NVSA1432	NVSA	14	32	137	317	147.8	327.8	0	0	0	0	NZZO	NVSA Mota Lava	-13.662281	167.709064	-13.669331	167.713703
365	NVSC1634	NVSC	16	34	156	336	166.8	346.8	0	0	0	0	NZZO	NVSC Sola	-13.849756	167.536586	-13.856006	167.538069
366	NVSE1432	NVSE	14	32	141	321	152.5	332.5	0	0	0	0	NZZO	NVSE Sangafa	-17.083472	168.338394	-17.091492	168.342667
367	NVSF1129	NVSF	11	29	114	294	125.3	305.3	0	0	0	0	NZZO	NVSF Craig Cove	-16.262497	167.921061	-16.2667	167.927153
368	NVSG0422	NVSG	04	22	39	219	50.1	230.1	0	0	0	0	NZZO	NVSG Longana	-15.30835	167.964572	-15.301286	167.973194
369	NVSO1533	NVSO	15	33	147	327	158.3	338.3	0	0	0	0	NZZO	NVSO Lonorore	-15.860506	168.169706	-15.870792	168.173853
370	NVSP1331	NVSP	13	31	129	309	140.2	320.2	0	0	0	0	NZZO	NVSP Norsup	-16.074561	167.396661	-16.081156	167.402353
371	NVSS1230	NVSS	12	30	118	298	129	309	0	0	0	0	NZZO	NVSS Santo	-15.498858	167.212617	-15.510278	167.227067
372	NVVF1432	NVVF	14	32	141	321	153.4	333.4	0	0	0	0	NZZO	NVVF Futuna	-19.513392	170.230764	-19.518058	170.233286
373	NVVV1129	NVVV	11	29	106	286	117.7	297.7	0	0	0	0	NZZO	NVVV Port Vila	-17.692692	168.306706	-17.703672	168.328372
374	NVVW1533	NVVW	15	33	146	326	158.2	338.2	0	0	0	0	NZZO	NVVW Tanna	-19.449867	169.221508	-19.460158	169.226106
375	NWWA1634	NWWA	16	34	159	339	171.5	351.5	0	0	0	0	NZZO	NWWA Tiga	-21.091572	167.802981	-21.100486	167.804528
376	NWWB0927	NWWB	09	27	95	275	107.2	287.2	0	0	0	0	NZZO	NWWB Poe	-21.608703	165.394072	-21.61085	165.40145
377	NWWC0927	NWWC	09	27	96	276	107.4	287.4	0	0	0	0	NZZO	NWWC Ile Art Waala	-19.719825	163.658681	-19.721247	163.663608
378	NWWD0927	NWWD	09	27	88	268	100	280	0	0	0	0	NZZO	NWWD Kone	-21.052844	164.834478	-21.054272	164.843197
379	NWWE1028	NWWE	10	28	101	281	113.8	293.8	0	0	0	0	NZZO	NWWE Moue	-22.586289	167.449758	-22.590908	167.460844
380	NWWK0624	NWWK	06	24	56	236	67.7	247.7	0	0	0	0	NZZO	NWWK Koumac	-20.548275	164.250742	-20.544428	164.260483
381	NWWL1230	NWWL	12	30	123	303	135.3	315.3	0	0	0	0	NZZO	NWWL Ouanaham	-20.770442	167.234894	-20.778414	167.243392
382	NWWM1735	NWWM	17	35	167	347	179.6	359.6	0	0	0	0	NZZO	NWWM Magenta	-22.253983	166.472706	-22.263181	166.472958
383	NWWR1331	NWWR	13	31	127	307	139.6	319.6	0	0	0	0	NZZO	NWWR La Roche Aero	-21.478161	168.034511	-21.486683	168.042458
384	NWWT1331	NWWT	13	31	127	307	139.4	319.4	0	0	0	0	NZZO	NWWT Oua Tom	-21.817075	165.858417	-21.822561	165.863453
385	NWWU1331	NWWU	13	31	134	314	146	326	0	0	0	0	NZZO	NWWU Touho	-20.785794	165.256447	-20.793997	165.262411
386	NWWV1331	NWWV	13	31	131	311	143.2	323.2	0	0	0	0	NZZO	NWWV Ouloup	-20.63735	166.570219	-20.644592	166.575925
387	NWWW1129	NWWW	11	29	109	289	121.5	301.5	0	0	0	0	NZZO	NWWW Tontouta	-22.006958	166.199533	-22.022125	166.226492
388	NWWX1129	NWWX	11	29	111	291	123.3	303.3	0	0	0	0	NZZO	NWWX Canala	-21.517958	165.967917	-21.522719	165.975628
389	NZCI0523	NZCI	05	23	48	228	73.6	253.6	0	0	0	0	NZZO	NZCI Chatham Is/Tuuta	-43.813831	-176.473417	-43.810042	-176.457308
390	NZFX1533	NZFX	15	33	341	161	122.4	302.4	0	0	0	0	NZZO	NZFX Phoenix	-77.969836	166.772433	-77.943942	166.730992
391	NZSP0220	NZSP	02	20	171	279	290.2	38.2	0	0	0	0	NZZO	NZSP Jack F. Paulus Skiway	-89.965872	-150.339164	-89.995108	-78.492747
392	NZWD0725	NZWD	07	25	260	80	40.5	220.5	0	0	0	0	NZZO	NZWD Williams	-77.888828	167.161189	-77.893519	167.033022
393	PLCH0826	PLCH	08	26	81	261	90.2	270.2	0	0	0	0	NZZO	PLCH Cassidy Intl	1.986272	-157.359364	1.986269	-157.340461
394	PLPA0624	PLPA	06	24	60	240	69	249	0	0	0	0	NZZO	PLPA Palmyra	5.885856	-162.085175	5.892133	-162.069886
395	PTSA0523	PTSA	05	23	48	228	55.2	235.2	0	0	0	0	NZZO	PTSA Kosrae	5.352508	162.95185	5.361442	162.964919
396	XN550321	XN55	03	21	30	210	38.4	218.4	0	0	0	0	NZZO	XN55 Jaluit	5.9041	169.633392	5.912572	169.6398
397	YLHI1028	YLHI	10	28	100	280	114.2	294.2	0	0	0	0	NZZO	YLHI Lord Howe Island	-31.536739	159.071708	-31.539642	159.079233
398	YSNF0422	YSNF	04	22	35	215	50.2	230.2	0	0	0	0	NZZO	YSNF Norfolk Island	-29.046572	167.933194	-29.038225	167.944497
399	YSNF1129	YSNF	11	29	107	287	122.2	302.2	0	0	0	0	NZZO	YSNF Norfolk Island	-29.036578	167.929997	-29.045683	167.946419
950	NZAP1028	NZAP	10	28	100	280	121.3	301.3	0	0	0	0	NZZC	NZAP Taupo	-38.740975	176.075883	-38.744392	176.082444
951	NZBA0725	NZBA	07	25	70	250	96	276	0	0	0	0	NZZC	NZBA Balclutha	-46.244883	169.744356	-46.245403	169.752992
952	NZCB1634	NZCB	16	34	160	340	185.6	5.6	0	0	0	0	NZZC	NZCB Centre Bush	-46.037742	168.312653	-46.043664	168.311706
953	NZCG0422	NZCG	04	22	40	220	61.2	241.2	0	0	0	0	NZZC	NZCG Centennial Park	-38.665764	176.132569	-38.662286	176.142242
954	NZCG0725	NZCG	07	25	60	240	81.2	261.2	0	0	0	0	NZZC	NZCG Centennial Park	-38.665158	176.129411	-38.665403	176.135636
955	NZCL1533	NZCL	15	33	150	330	172.8	352.8	0	0	0	0	NZZC	NZCL Cloudy Bay	-41.456111	174.014167	-41.456111	174.014167
956	NZCS0927	NZCS	09	27	90	270	114.8	294.8	0	0	0	0	NZZC	NZCS Cromwell Racecourse	-45.046383	169.162431	-45.049008	169.17015
957	NZCS1836	NZCS	18	36	180	360	204.8	24.8	0	0	0	0	NZZC	NZCS Cromwell Racecourse	-45.042622	169.174942	-45.048581	169.171036
958	NZCW1836	NZCW	18	36	180	360	204.8	24.8	0	0	0	0	NZZC	NZCW Cromwell	-44.976711	169.220414	-44.983289	169.216264
959	NZDY1836	NZDY	18	36	180	360	200.2	20.2	0	0	0	0	NZZC	NZDY Drury	-37.096389	174.975278	-37.096389	174.975278
960	NZES0725	NZES	07	25	70	250	90.8	270.8	0	0	0	0	NZZC	NZES Wharepapa South	-38.143842	175.547058	-38.143781	175.553283
961	NZES1735	NZES	17	35	170	350	190.8	10.8	0	0	0	0	NZZC	NZES Wharepapa South	-38.142119	175.550675	-38.145661	175.549881
962	NZFF0523	NZFF	05	23	50	230	74	254	0	0	0	0	NZZC	NZFF Forest Field	-43.385994	172.359222	-43.384644	172.364839
963	NZFF1028	NZFF	10	28	100	280	124	304	0	0	0	0	NZZC	NZFF Forest Field	-43.384528	172.357728	-43.386894	172.363372
964	NZFF1836	NZFF	18	36	180	360	204	24	0	0	0	0	NZZC	NZFF Forest Field	-43.378375	172.364106	-43.386944	172.360322
965	NZFJ1028	NZFJ	10	28	100	280	123.6	303.6	0	0	0	0	NZZC	NZFJ Franz Josef	-43.3602	170.128403	-43.364181	170.136156
966	NZFL0321	NZFL	03	21	30	210	52	232	0	0	0	0	NZZC	NZFL Flat Hills	-39.898481	175.648881	-39.892628	175.657792
967	NZFO0927	NZFO	09	27	90	270	113.7	293.7	0	0	0	0	NZZC	NZFO Fox Glacier	-43.461922	170.018992	-43.461922	170.018992
968	NZFP0927	NZFP	09	27	90	270	112.3	292.3	0	0	0	0	NZZC	NZFP Foxpine	-40.455169	175.265319	-40.458519	175.276244
969	NZFT1735	NZFT	17	35	170	350	192.9	12.9	0	0	0	0	NZZC	NZFT Flat Point	-41.24145	175.960786	-41.244983	175.959717
970	NZGA0119	NZGA	01	19	8	188	29.1	209.1	0	0	0	0	NZZC	NZGA Galatea	-38.407178	176.741653	-38.399739	176.746872
971	NZHA0220	NZHA	02	20	20	200	41.6	221.6	0	0	0	0	NZZC	NZHA Hawera	-39.556739	174.267381	-39.551394	174.272964
972	NZHA0725	NZHA	07	25	70	250	91.6	271.6	0	0	0	0	NZZC	NZHA Hawera	-39.551556	174.265092	-39.551753	174.272994
973	NZHM0624	NZHM	06	24	57	237	80.5	260.5	0	0	0	0	NZZC	NZHM Hanmer	-42.569722	172.798056	-42.569722	172.798056
974	NZHN0725	NZHN	07	25	75	255	95.6	275.6	0	0	0	0	NZZC	NZHN Hamilton	-37.861889	175.325181	-37.862378	175.332139
975	NZHP1129	NZHP	11	29	110	290	133.3	313.3	0	0	0	0	NZZC	NZHP Lake Haupiri	-42.598678	171.695647	-42.603214	171.703156
976	NZHT1634	NZHT	16	34	160	340	183.8	3.8	0	0	0	0	NZZC	NZHT Haast	-43.863533	169.040039	-43.869758	169.041381
977	NZKD0422	NZKD	04	22	40	220	59.6	239.6	0	0	0	0	NZZC	NZKD Motu Kaikoura Island	-36.178117	175.324783	-36.175553	175.329911
978	NZKE1735	NZKE	17	35	170	350	190	10	0	0	0	0	NZZC	NZKE Waiheke	-36.805633	175.086608	-36.811233	175.085511
979	NZKY0927	NZKY	09	27	90	270	112	292	0	0	0	0	NZZC	NZKY Kowhai	-39.846356	176.424103	-39.847489	176.428742
980	NZMJ0220	NZMJ	02	20	20	200	44	224	0	0	0	0	NZZC	NZMJ Martins Bay	-44.367725	168.013794	-44.364597	168.018128
981	NZMK0220	NZMK	02	20	20	200	42.5	222.5	0	0	0	0	NZZC	NZMK Motueka	-41.123378	172.987792	-41.118244	172.994842
982	NZML0927	NZML	09	27	90	270	113.6	293.6	0	0	0	0	NZZC	NZML Mid Waiho Loop	-43.353611	170.190833	-43.353611	170.190833
983	NZMO1432	NZMO	14	32	140	320	164.9	344.9	0	0	0	0	NZZC	NZMO Te Anau/Manapouri	-45.528525	167.643922	-45.538742	167.648619
984	NZMW1735	NZMW	17	35	170	350	194.2	14.2	0	0	0	0	NZZC	NZMW Makarora	-44.226464	169.232864	-44.231681	169.230911
985	NZNP1432	NZNP	14	32	136	316	157.2	337.2	0	0	0	0	NZZC	NZNP New Plymouth	-39.000447	174.178589	-39.010311	174.184172
986	NZOA09L27R	NZOA	09L	27R	92	272	116.5	296.5	0	0	0	0	NZZC	NZOA Omarama	-44.483367	169.977889	-44.48845	169.993881
987	NZOA09R27L	NZOA	09R	27L	92	272	116.5	296.5	0	0	0	0	NZZC	NZOA Omarama	-44.483472	169.976914	-44.488789	169.993653
988	NZOF0422	NZOF	04	22	40	220	59.7	239.7	0	0	0	0	NZZC	NZOF Omaha Flats	-36.348089	174.755525	-36.345594	174.761456
989	NZOH0523	NZOH	05	23	50	230	72.1	252.1	0	0	0	0	NZZC	NZOH Ohakea Military	-40.206667	175.386944	-40.206667	175.386944
990	NZOH09L27R	NZOH	09L	27R	90	270	112.1	292.1	0	0	0	0	NZZC	NZOH Ohakea Military	-40.206667	175.386944	-40.206667	175.386944
991	NZOH09R27L	NZOH	09R	27L	90	270	112.1	292.1	0	0	0	0	NZZC	NZOH Ohakea Military	-40.206667	175.386944	-40.206667	175.386944
992	NZOH1129	NZOH	11	29	110	290	132.1	312.1	0	0	0	0	NZZC	NZOH Ohakea Military	-40.206667	175.386944	-40.206667	175.386944
993	NZOT1634	NZOT	16	34	160	340	182.5	2.5	0	0	0	0	NZZC	NZOT Otaki	-40.782814	175.151061	-40.790267	175.151581
994	NZPH0220	NZPH	02	20	20	200	44.1	224.1	0	0	0	0	NZZC	NZPH Pudding Hill	-43.590228	171.523894	-43.583906	171.531097
995	NZPI0725	NZPI	07	25	70	250	89.8	269.8	0	0	0	0	NZZC	NZPI Parakai	-36.651956	174.431153	-36.651947	174.438569
996	NZPO0220	NZPO	02	20	20	200	42.4	222.4	0	0	0	0	NZZC	NZPO Porangahau	-40.281686	176.647689	-40.276719	176.65355
997	NZPU0422	NZPU	04	22	40	220	60.2	240.2	0	0	0	0	NZZC	NZPU Pukekohe	-37.259444	174.9075	-37.259444	174.9075
998	NZPW0321	NZPW	03	21	30	210	52.8	232.8	0	0	0	0	NZZC	NZPW Papawai	-41.109039	175.492369	-41.099656	175.507478
999	NZPW1230	NZPW	12	30	120	300	142.8	322.8	0	0	0	0	NZZC	NZPW Papawai	-41.101936	175.496842	-41.103942	175.499008
1000	NZRI0321	NZRI	03	21	30	210	54.5	234.5	0	0	0	0	NZZC	NZRI Rangitata I	-44.087947	171.416703	-44.084767	171.422531
1001	NZRI1230	NZRI	12	30	120	300	144.5	324.5	0	0	0	0	NZZC	NZRI Rangitata I	-44.079956	171.410889	-44.087364	171.418122
1002	NZRK1634	NZRK	16	34	160	340	181.4	1.4	0	0	0	0	NZZC	NZRK Rangitaiki	-38.879289	176.364669	-38.893119	176.364242
1003	NZRR1028	NZRR	10	28	100	280	121	301	0	0	0	0	NZZC	NZRR Ruatoria	-37.883964	178.290028	-37.883964	178.290028
1004	NZRT0321	NZRT	03	21	30	210	54	234	0	0	0	0	NZZC	NZRT Rangiora	-43.291181	172.540358	-43.288503	172.545731
1005	NZRW0725	NZRW	07	25	70	250	89.4	269.4	0	0	0	0	NZZC	NZRW Ruawai	-36.097119	173.973481	-36.097181	173.982208
1006	NZRX1634	NZRX	16	34	160	340	185.3	5.3	0	0	0	0	NZZC	NZRX Roxburgh	-45.506181	169.317933	-45.517417	169.314758
1007	NZSF0422	NZSF	04	22	40	220	64	244	0	0	0	0	NZZC	NZSF Springfield	-43.385258	171.906464	-43.381961	171.915772
1008	NZSF1028	NZSF	10	28	100	280	124	304	0	0	0	0	NZZC	NZSF Springfield	-43.381467	171.906739	-43.385753	171.915497
1009	NZTE0523	NZTE	05	23	50	230	70.5	250.5	0	0	0	0	NZZC	NZTE Te Kowhai	-37.745831	175.156311	-37.742681	175.166625
1010	NZTG0422	NZTG	04	22	40	220	60.6	240.6	0	0	0	0	NZZC	NZTG Tauranga	-37.671458	176.187819	-37.668583	176.194108
1011	NZTH1432	NZTH	14	32	140	320	160.2	340.2	0	0	0	0	NZZC	NZTH Thames	-37.156986	175.546539	-37.164622	175.550261
1012	NZTK1129	NZTK	11	29	112	292	134.2	314.2	0	0	0	0	NZZC	NZTK Takaka	-40.811592	172.773133	-40.814864	172.777497
1013	NZTL1129	NZTL	11	29	110	290	134.2	314.2	0	0	0	0	NZZC	NZTL Tekapo	-44.001797	170.439378	-44.007419	170.446975
1014	NZTR1028	NZTR	10	28	100	280	120.9	300.9	0	0	0	0	NZZC	NZTR Te Araroa	-37.629167	178.3475	-37.629167	178.3475
1015	NZUK0725	NZUK	07	25	70	250	94.3	274.3	0	0	0	0	NZZC	NZUK Pukaki	-44.235	170.118333	-44.235	170.118333
1016	NZVL0927	NZVL	09	27	92	272	117.6	297.6	0	0	0	0	NZZC	NZVL Mandeville	-45.989608	168.809936	-45.992814	168.818664
1017	NZVR0624	NZVR	06	24	60	240	81.8	261.8	0	0	0	0	NZZC	NZVR Taihape	-39.686539	175.786422	-39.685119	175.794236
1018	NZWL0422	NZWL	04	22	40	220	64.1	244.1	0	0	0	0	NZZC	NZWL West Melton	-43.478886	172.387878	-43.475553	172.398742
1019	NZWL1129	NZWL	11	29	110	290	134.1	314.1	0	0	0	0	NZZC	NZWL West Melton	-43.474833	172.39235	-43.479703	172.399703
1020	NZWL1735	NZWL	17	35	170	350	194.1	14.1	0	0	0	0	NZZC	NZWL West Melton	-43.47525	172.389861	-43.481347	172.388122
1021	NZWM0826	NZWM	08	26	82	262	107	287	0	0	0	0	NZZC	NZWM Waimate	-44.788917	171.083817	-44.790183	171.089675
1022	NZWY0725	NZWY	07	25	70	250	94	274	0	0	0	0	NZZC	NZWY Wyndale	-43.383175	171.896378	-43.383494	171.904739
1145	AGAR1129	AGAR	11	29	110	290	119.2	299.2	0	0	0	0	NZZO	AGAR Arona	-9.860556	161.98	-9.860556	161.98
1146	AGGU0523	AGGU	05	23	50	230	58.9	238.9	0	0	0	0	NZZO	AGGU Marau/Paruru	-9.864094	160.8228	-9.860386	160.829056
1147	AGLM1028	AGLM	10	28	100	280	110	290	0	0	0	0	NZZO	AGLM Lomlom	-10.290897	166.319642	-10.293947	166.328247
1148	AGOB1230	AGOB	12	30	120	300	128.7	308.7	0	0	0	0	NZZO	AGOB Manaoba	-8.318644	160.792314	-8.324256	160.799422
1149	AGRC0119	AGRC	01	19	10	190	17.9	197.9	0	0	0	0	NZZO	AGRC Ringi Cove	-8.130636	157.141464	-8.119919	157.144669
1150	NFCI1735	NFCI	17	35	173	353	185.8	5.8	0	0	0	0	NZZO	NFCI Cicia	-17.739486	-179.341567	-17.747733	-179.342331
1151	NFFO1230	NFFO	12	30	124	304	136.6	316.6	0	0	0	0	NZZO	NFFO Malolo Lailai	-17.776853	177.195494	-17.780236	177.198822
1152	NFKB1432	NFKB	14	32	137	317	149.6	329.6	0	0	0	0	NZZO	NFKB Kaibu	-17.251603	-179.490342	-17.257269	-179.486953
1153	NFKD1634	NFKD	16	34	160	340	173	353	0	0	0	0	NZZO	NFKD Kadavu	-19.053967	178.156692	-19.062144	178.157761
1154	NFMA1331	NFMA	13	31	130	310	142.6	322.6	0	0	0	0	NZZO	NFMA Mana	-17.670669	177.096558	-17.674931	177.100478
1155	NFMO1533	NFMO	15	33	149	329	162	342	0	0	0	0	NZZO	NFMO Moala	-18.564031	179.94995	-18.570414	179.952269
1156	NFNB0826	NFNB	08	26	85	265	97.7	277.7	0	0	0	0	NZZO	NFNB Bureta	-17.711217	178.755736	-17.712369	178.761903
1157	NFNG1028	NFNG	10	28	105	285	117.8	297.8	0	0	0	0	NZZO	NFNG Gau	-18.114014	179.336547	-18.117097	179.342894
1158	NFNK1331	NFNK	13	31	128	308	140.9	320.9	0	0	0	0	NZZO	NFNK Lakeba	-18.197367	-178.818467	-18.203061	-178.813431
1159	NFNO1028	NFNO	10	28	99	279	111.6	291.6	0	0	0	0	NZZO	NFNO Koro	-17.344483	179.418656	-17.347161	179.425522
1160	NFNW1028	NFNW	10	28	106	286	118.7	298.7	0	0	0	0	NZZO	NFNW Wakaya	-17.62745	179.006683	-17.630531	179.012756
1161	NFSW1230	NFSW	12	30	122	302	134.4	314.4	0	0	0	0	NZZO	NFSW Yasawa	-16.757581	177.543883	-16.761561	177.548094
1162	NFVB1129	NFVB	11	29	111	291	123.6	303.6	0	0	0	0	NZZO	NFVB Vanuabalavu	-17.243222	-178.962036	-17.246781	-178.9563
1163	NFVL1230	NFVL	12	30	118	298	130.8	310.8	0	0	0	0	NZZO	NFVL Vatulele Island	-18.509833	177.635606	-18.514781	177.641739
1164	NGMA1129	NGMA	11	29	110	290	119.4	299.4	0	0	0	0	NZZO	NGMA Maiana	1.005389	173.028581	1.001822	173.034653
1165	NGMK0927	NGMK	09	27	90	270	99.3	279.3	0	0	0	0	NZZO	NGMK Marakei	2.059458	173.267578	2.058175	173.275208
1166	NSAU0826	NSAU	08	26	80	260	91.8	271.8	0	0	0	0	NZZO	NSAU Asau	-13.505292	-172.630844	-13.505097	-172.624925
