19697	ELRUV	0		1477
19698	EKVOX	1		1477
19699	KASLU	2		1477
19700	MABGA	3		1477
19701	GOSPA	4		1477
19702	AVGER	5		1477
19703	IBABU	6	triangle	1477
19704	UBDAM	0		1478
19705	LADIP	1		1478
19706	AVGER	2		1478
19707	IBABU	3	triangle	1478
19708	SUNGU	0		1482
19709	ENKUV	1		1482
19710	GOSPA	2		1482
19711	AVGER	3		1482
19712	IBABU	4	triangle	1482
19713	ELRUV	0		1483
19714	PAMPU	1		1483
19715	EKVOX	2		1483
19716	ATKIL	3	triangle	1483
19717	UBDAM	0		1484
19718	LADIP	1		1484
19719	GOSPA	2		1484
19720	MABGA	3		1484
19721	UGPED	4	triangle	1484
19722	SUNGU	0		1488
19723	ENKUV	1		1488
19724	GOSPA	2		1488
19725	MABGA	3		1488
19726	UGPED	4	triangle	1488
19733	ISLON	0		1492
19734	LUXIS	1		1492
19735	MEBKA	2		1492
19736	IBVUK	3		1492
19737	IPNOR	4		1492
19738	ISLON	0		1495
19739	LUXIS	1		1495
19740	MEBKA	2		1495
19741	SUNGU	3		1495
19742	GIXEL	0		1497
19743	EPDEX	1		1497
19744	ENKUV	0		1500
19745	OLREK	1		1500
19746	TULVU	2		1500
19747	VAPLI	3		1500
19748	IPNOR	4		1500
19749	ENKUV	0		1503
19750	OLREK	1		1503
19751	TULVU	2		1503
19752	VAPLI	3		1503
19753	AVDEK	4		1503
19754	DULUL	5		1503
19755	ANPOV	6		1503
19763	ENKUV	0		1509
19764	OLREK	1		1509
19765	TULVU	2		1509
19766	VAPLI	3		1509
19767	IBVUK	4		1509
19768	SUNGU	5		1509
19769	ISLON	0		1511
19770	LUXIS	1		1511
19771	MEBKA	2		1511
19772	SUNGU	3		1511
19779	DULUL	0		1515
19780	ANPOV	1		1515
19781	S045.55.27.000 E170.12.28.000	0		1519
19782	SW_VOR	1	circle	1519
19863	QN23T	0		1523
19864	QN843	1		1523
19865	QN846	2		1523
19866	QN849	3		1523
19867	QN852	4		1523
19868	LEMAK	5		1523
19869	QN861	6		1523
19870	METUX	7		1523
19871	ANPOV	8		1523
19872	QN23T	0		1529
19873	QN843	1		1529
19874	QN846	2		1529
19875	QN849	3		1529
19876	QN852	4		1529
19877	LEMAK	5		1529
19878	QN862	6		1529
19879	QN864	7		1529
19880	QN866	8		1529
19881	IPNOR	9		1529
19882	QN05T	0		1526
19883	QN727	1		1526
19884	KABAP	2		1526
19885	NOLUV	3		1526
19886	QN732	4		1526
19887	RUXAK	5		1526
19888	QN737	6		1526
19889	BUGSA	7		1526
19890	DUGAK	8		1526
19891	QN817	9		1526
19892	ENKUV	10		1526
19893	METUX	11		1526
19894	ANPOV	12		1526
19895	QN05T	0		1532
19896	QN727	1		1532
19897	KABAP	2		1532
19898	NOLUV	3		1532
19899	QN732	4		1532
19900	RUXAK	5		1532
19901	QN737	6		1532
19902	BUGSA	7		1532
19903	DUGAK	8		1532
19904	VAPLI	9		1532
19905	IPNOR	10		1532
19961	APABO	0		1574
19962	OMAHA	1		1574
19963	AA423	2		1574
19964	VIBAG	3		1574
19965	EMRAG	4	triangle	1574
19966	APABO	0		1577
19967	OMAHA	1		1577
19968	AA424	2		1577
19969	AA406	3		1577
19970	AA405	4		1577
19971	NOKIT	5	triangle	1577
19972	ARADI	0		1580
19973	GEWNY	1		1580
19974	DOMRI	2		1580
19975	LOSGA	3		1580
19976	VIBAG	4		1580
19977	EMRAG	5	triangle	1580
19978	BASIV	0		1584
19979	BONKO	1		1584
19980	DOMRI	2		1584
19981	LOSGA	3		1584
19982	VIBAG	4		1584
19983	EMRAG	5	triangle	1584
19990	BASIV	0		1592
19991	BIGUL	1		1592
19992	XMOND	2		1592
19993	ORUKI	3		1592
19994	LENGU	4	triangle	1592
19995	BASIV	0		1597
19996	BONKO	1		1597
19997	DOMRI	2		1597
19998	KIDAG	3	triangle	1597
19999	ARADI	0		1601
20000	GEWNY	1		1601
20001	DOMRI	2		1601
20002	KIDAG	3	triangle	1601
20003	ARADI	0		1605
20004	GEWNY	1		1605
20005	DOMRI	2		1605
20006	VABTI	3	triangle	1605
20007	BASIV	0		1609
20008	BONKO	1		1609
20009	DOMRI	2		1609
20010	VABTI	3	triangle	1609
20011	BASIV	0		1613
20012	PAKVI	1		1613
20013	BAYES	2		1613
20014	VIBAG	3		1613
20015	EMRAG	4	triangle	1613
20016	DAVEE	0		1617
20017	OSAKU	1		1617
20018	ANSER	2		1617
20019	ZORBA	3		1617
20020	SABAV	4		1617
20021	EMRAG	5	triangle	1617
20022	NOBAR	0		1618
20023	SAMII	1		1618
20024	TEVUC	2		1618
20025	EMRAG	3	triangle	1618
20032	PEPPE	0		1621
20033	ONISU	1		1621
20034	UPTIB	2		1621
20035	KETOB	3		1621
20036	SABAV	4		1621
20037	EMRAG	5	triangle	1621
20038	SKEPY	0		1620
20039	AA415	1		1620
20040	SABAV	2		1620
20041	EMRAG	3	triangle	1620
20046	PEPPE	0		1624
20047	IGABI	1		1624
20048	WI_NDB	2	circle	1624
20049	GITUK	3		1624
20050	LENGU	4	triangle	1624
20051	SCARY	0		1625
20052	IGABI	1		1625
20053	WI_NDB	2	circle	1625
20054	GITUK	3		1625
20055	LENGU	4	triangle	1625
20056	NOBAR	0		1627
20057	MERAS	1		1627
20058	AA503	2		1627
20059	WI_NDB	3	circle	1627
20060	GITUK	4		1627
20061	LENGU	5	triangle	1627
20062	DAVEE	0		1628
20063	OSAKU	1		1628
20064	ANSER	2		1628
20065	ELBOP	3		1628
20066	ESNAX	4	triangle	1628
20067	PEPPE	0		1629
20068	ANSER	1		1629
20069	ELBOP	2		1629
20070	ESNAX	3	triangle	1629
20071	DAVEE	0		1630
20072	AA507	1		1630
20073	STEAL	2		1630
20074	ATAMA	3	triangle	1630
20075	PEPPE	0		1631
20076	IGABI	1		1631
20077	WI_NDB	2	circle	1631
20078	STEAL	3		1631
20079	ATAMA	4	triangle	1631
20080	SCARY	0		1632
20081	IGABI	1		1632
20082	WI_NDB	2	circle	1632
20083	STEAL	3		1632
20084	ATAMA	4	triangle	1632
20085	NOBAR	0		1634
20086	MERAS	1		1634
20087	AA503	2		1634
20088	WI_NDB	3	circle	1634
20089	STEAL	4		1634
20090	ATAMA	5	triangle	1634
20104	TAZEY	0		1639
20105	ZORBA	1	triangle	1639
20106	DAVEE	0		1640
20107	OSAKU	1		1640
20108	ANSER	2		1640
20109	ZORBA	3	triangle	1640
20110	PEPPE	0		1641
20111	ONISU	1		1641
20112	UPTIB	2		1641
20113	KETOB	3	triangle	1641
20114	NOBAR	0		1642
20115	SAMII	1		1642
20116	TEVUC	2	triangle	1642
20117	EAGIL	0		1643
20118	AA421	1		1643
20119	AA425	2		1643
20120	AA420	3		1643
20121	EMRAG	4	triangle	1643
20122	FOKRE	0		1645
20123	AA416	1		1645
20124	AA426	2		1645
20125	AA419	3		1645
20126	EMRAG	4	triangle	1645
20127	EXOPI	0		1647
20128	AA417	1		1647
20129	STORK	2		1647
20130	AA418	3		1647
20131	EMRAG	4	triangle	1647
20132	EXOPI	0		1656
20133	DIPPU	1		1656
20134	ANKIL	2		1656
20135	LOSGA	3		1656
20136	AKBAM	4		1656
20137	LENGU	5	triangle	1656
20138	EXOPI	0		1666
20139	DIPPU	1		1666
20140	ANKIL	2		1666
20141	VIRIS	3	triangle	1666
20142	TAZEY	0		1676
20143	ZORBA	1		1676
20144	SABAV	2		1676
20145	EMRAG	3	triangle	1676
20146	UKAPA	0		1679
20147	SHILI	1		1679
20148	AKBAM	2		1679
20149	LENGU	3	triangle	1679
20150	UKAPA	0		1683
20151	SHILI	1		1683
20152	MUDEE	2		1683
20153	UDUMO	3	triangle	1683
20204	AA23L	0		1721
20205	LENGU	1		1721
20206	MAGLO	2		1721
20207	BROOK	3		1721
20208	FIRTH	4		1721
20219	AA05R	0		1738
20220	EMRAG	1		1738
20221	RAXIN	2		1738
20222	AA23L	0		1743
20223	LENGU	1		1743
20224	AA23L	0		1744
20225	LENGU	1		1744
20226	AA23L	0		1747
20227	IRSIP	1		1747
20228	LEVRA	2		1747
20229	AA23L	0		1752
20230	LENGU	1		1752
20231	WYTAK	2		1752
20232	MEMOR	3		1752
20233	AA23L	0		1757
20234	LENGU	1		1757
20235	OSRAP	2		1757
20244	AA05R	0		1772
20245	S036.59.28.000 E174.51.18.000	1		1772
20246	VINOD	2		1772
20247	S037.07.07.000 E174.52.08.000	3		1772
20248	BUDLU	4		1772
20249	REKIS	5		1772
20250	AA05R	0		1766
20251	ADKUM	1		1766
20252	MADVI	2		1766
20253	VINOD	3		1766
20254	PAGLA	4		1766
20255	AA05R	0		1778
20256	EMRAG	1		1778
20257	SATLA	2		1778
20258	AA23L	0		1784
20259	S037.01.54.000 E174.42.34.000	1		1784
20260	STEAL	2		1784
20354	AA05R	0		1808
20355	EMRAG	1		1808
20356	POLIS	2		1808
20357	IDEMA	3		1808
20358	BROOK	4		1808
20359	AKELA	5		1808
20364	AA05R	0		1816
20365	EMRAG	1		1816
20366	XELAN	2		1816
20367	URBIG	3		1816
20368	BATOS	4		1816
20369	AA23L	0		1819
20370	LENGU	1		1819
20371	WYTAK	2		1819
20372	BELRA	3		1819
20373	AA05R	0		1823
20374	EMRAG	1		1823
20375	XELAN	2		1823
20376	BELRA	3		1823
20377	DADLA	4		1823
20378	SALAG	5		1823
20379	AA05R	0		1824
20380	S036.59.17.000 E174.51.23.000	1		1824
20381	BROOK	2		1824
20382	AA05R	0		1827
20383	EMRAG	1		1827
20384	POLIS	2		1827
20391	AA05R	0		1839
20392	EMRAG	1		1839
20393	XELAN	2		1839
20394	KADMA	3		1839
20395	BISEB	0		1843
20396	SURID	1		1843
20397	QUAIL	2	triangle	1843
20398	CONOR	0		1844
20399	KEVUT	1		1844
20400	MIBEV	2	triangle	1844
20401	LUBSI	0		1845
20402	VATKU	1		1845
20403	LERTI	2		1845
20404	ISDEM	3		1845
20405	GUNEL	4		1845
20406	RISMO	5		1845
20407	QUAIL	6	triangle	1845
20408	CONOR	0		1846
20409	NS_VOR	1	circle	1846
20410	DUGOL	2		1846
20411	IRNUX	3		1846
20412	KAPUA	4	triangle	1846
20413	GUNEL	0		1847
20414	NS_VOR	1	circle	1847
20415	DUGOL	2		1847
20416	IRNUX	3		1847
20417	KAPUA	4	triangle	1847
20418	LUBSI	0		1848
20419	NS_VOR	1	circle	1848
20420	DUGOL	2		1848
20421	IRNUX	3		1848
20422	KAPUA	4	triangle	1848
20423	GUSDU	0		1849
20424	RILDO	1		1849
20425	ATRES	2		1849
20426	GUDKI	3		1849
20427	BEPNI	4		1849
20428	ESNED	5	triangle	1849
20429	KAPUA	0		1851
20430	GUDKI	1		1851
20431	BEPNI	2		1851
20432	ESNED	3	triangle	1851
20433	GUSDU	0		1855
20434	RILDO	1		1855
20435	LIKMA	2	triangle	1855
20436	KUNVO	0		1857
20437	OSTAS	1		1857
20438	ELMAX	2	triangle	1857
20439	MUKRA	0		1858
20440	KAPUA	1	triangle	1858
20441	LUBSI	0		1859
20442	NS_VOR	1	circle	1859
20443	GUDKI	2		1859
20444	BEPNI	3		1859
20445	ESNED	4	triangle	1859
20446	NS20T	0		1860
20447	POTIR	1		1860
20448	ANITU	2		1860
20449	BISEB	3		1860
20450	NS20T	0		1861
20451	POTIR	1		1861
20452	ANITU	2		1861
20453	NESTA	3		1861
20454	NS20T	0		1862
20455	POTIR	1		1862
20456	ANITU	2		1862
20457	CONOR	3		1862
20458	NS02T	0		1863
20459	NS20T	1		1863
20460	S041.15.20.000 E173.15.32.000	2		1863
20461	RIKRU	3		1863
20462	DUMIK	4		1863
20463	NS02T	0		1864
20464	NS20T	1		1864
20465	S041.15.20.000 E173.15.32.000	2		1864
20466	SALIR	3		1864
20467	DAZSA	4		1864
20468	IDNIM	5		1864
20469	NS20T	0		1868
20470	NS02T	1		1868
20471	S041.19.32.000 E173.11.25.000	2		1868
20472	S041.19.12.000 E173.09.10.000	3		1868
20473	ANPAR	4		1868
20474	DUMIK	5		1868
20475	NS20T	0		1869
20476	NS02T	1		1869
20477	S041.19.32.000 E173.11.25.000	2		1869
20478	S041.19.12.000 E173.09.10.000	3		1869
20479	ANPAR	4		1869
20480	SAGVU	5		1869
20481	PAVNI	6		1869
20482	NS02T	0		1873
20483	NS20T	1		1873
20484	POTIR	2		1873
20485	S041.21.54.000 E173.05.35.000	3		1873
20486	S041.23.49.000 E173.06.34.000	4		1873
20487	PUDIG	5		1873
20488	IKITO	6		1873
20489	LUSRA	7		1873
20490	NS02T	0		1874
20491	NS20T	1		1874
20492	GUSMI	2		1874
20493	LEMUT	3		1874
20494	NS02T	0		1877
20495	NS20T	1		1877
20496	GUSMI	2		1877
20497	LEMUT	3		1877
20498	VENDO	4		1877
20499	TUPGU	5		1877
20500	LUSRA	6		1877
20501	NS02T	0		1878
20502	NS20T	1		1878
20503	S041.11.59.341 E173.17.19.734	2		1878
20504	PUDIG	3		1878
20505	IKITO	4		1878
20506	LUSRA	5		1878
20507	NS20T	0		1879
20508	NS02T	1		1879
20509	POTIR	2		1879
20510	S041.23.05.000 E173.05.53.000	3		1879
20511	OMUKO	4		1879
20512	SADVA	5		1879
20513	VINUL	6		1879
20514	VEGRI	7		1879
20515	ESBEX	8		1879
20516	LUSRA	9		1879
20517	NS20T	0		1880
20518	NS02T	1		1880
20519	POTIR	2		1880
20520	S041.23.05.000 E173.05.53.000	3		1880
20521	EGINO	4		1880
20522	VEMSI	5		1880
20523	MERUT	6		1880
20524	PUDIG	7		1880
20525	IKITO	8		1880
20526	LUSRA	9		1880
20527	MANGERE BRIDGE	0		1885
20528	MANGERE TOWN	1		1885
20529	NS20T	0		1886
20530	BOULDER	1		1886
20531	NS02T	0		1887
20532	BRIGHTWATER	1		1887
20533	NS20T	0		1888
20534	MAPUA	1		1888
20535	NS20T	0		1889
20536	RABBIT ISLAND BRIDGE	1		1889
20537	NS20T	0		1890
20538	BRANFORD	1		1890
20539	AVOCA	0		1892
20540	BISUP	1		1892
20541	CH414	2		1892
20542	UBDAN	3		1892
20543	ALBAD	4	triangle	1892
20544	BELEE	0		1893
20545	AVOCA	1		1893
20546	BISUP	2		1893
20547	CH426	3		1893
20548	CHARR	4		1893
20549	IDUBU	5	triangle	1893
20550	BELEE	0		1896
20551	AVOCA	1		1896
20552	RIVPI	2		1896
20553	CH511	3		1896
20554	CH406	4		1896
20555	BIDEV	5		1896
20556	DIVSU	6	triangle	1896
20557	AVOCA	0		1899
20558	RIVPI	1		1899
20559	CH422	2		1899
20560	OBDOR	3		1899
20561	ODISI	4	triangle	1899
20562	AVOCA	0		1900
20563	BISUP	1		1900
20564	CHARR	2		1900
20565	IDUBU	3		1900
20566	SUPSO	4	triangle	1900
20567	BELEE	0		1901
20568	AVOCA	1		1901
20569	BISUP	2		1901
20570	CHARR	3		1901
20571	IDUBU	4		1901
20572	SUPSO	5	triangle	1901
20573	BELEE	0		1904
20574	AVOCA	1		1904
20575	BISUP	2		1904
20576	CH414	3		1904
20577	LEVGO	4	triangle	1904
20578	BELEE	0		1907
20579	AVOCA	1		1907
20580	RIVPI	2		1907
20581	CH511	3		1907
20582	CH406	4		1907
20583	SUSAL	5	triangle	1907
20584	BLUNT	0		1910
20585	TARUM	1		1910
20586	IGLIS	2	triangle	1910
20587	DOPKI	0		1915
20588	HODDE	1		1915
20589	CH621	2		1915
20590	IDUBU	3	triangle	1915
20591	ELDAK	0		1916
20592	CH418	1		1916
20593	CH506	2		1916
20594	IDUBU	3	triangle	1916
20595	PEHRR	0		1917
20596	AKAMO	1		1917
20597	CH419	2		1917
20598	IDUBU	3	triangle	1917
20599	LADIS	0		1918
20600	AKAMO	1		1918
20601	CH419	2		1918
20602	IDUBU	3	triangle	1918
20603	DOPKI	0		1919
20604	SADEM	1		1919
20605	ERVAX	2		1919
20606	BIDEV	3	triangle	1919
20607	DIVSU	4	triangle	1919
20608	ELDAK	0		1920
20609	SADEM	1		1920
20610	ERVAX	2		1920
20611	BIDEV	3	triangle	1920
20612	DIVSU	4	triangle	1920
20613	LADIS	0		1921
20614	VEPLO	1		1921
20615	CH408	2		1921
20616	MABAK	3	triangle	1921
20617	DIVSU	4	triangle	1921
20618	PEHRR	0		1922
20619	VEPLO	1		1922
20620	CH408	2		1922
20621	MABAK	3	triangle	1922
20622	DIVSU	4	triangle	1922
20623	DOPKI	0		1923
20624	SADEM	1		1923
20625	ERVAX	2	triangle	1923
20626	ELDAK	0		1924
20627	SADEM	1		1924
20628	ERVAX	2	triangle	1924
20629	LADIS	0		1925
20630	VEPLO	1		1925
20631	BIXIX	2	triangle	1925
20632	PEHRR	0		1926
20633	VEPLO	1		1926
20634	BIXIX	2	triangle	1926
20635	DOPKI	0		1927
20636	HODDE	1		1927
20637	IDUBU	2		1927
20638	SUPSO	3	triangle	1927
20639	ELDAK	0		1928
20640	HODDE	1		1928
20641	IDUBU	2		1928
20642	SUPSO	3	triangle	1928
20643	LADIS	0		1929
20644	AKAMO	1		1929
20645	IDUBU	2		1929
20646	SUPSO	3	triangle	1929
20647	PEHRR	0		1930
20648	AKAMO	1		1930
20649	IDUBU	2		1930
20650	SUPSO	3	triangle	1930
20651	HODDE	0		1931
20652	AVDID	1	triangle	1931
20653	IGEGA	0		1936
20654	CH412	1		1936
20655	AVNOP	2		1936
20656	ERVAX	3		1936
20657	UBDAN	4	triangle	1936
20658	ALBAD	5	triangle	1936
20659	IGEGA	0		1937
20660	CH412	1		1937
20661	AVNOP	2		1937
20662	ERVAX	3		1937
20663	UBDAN	4	triangle	1937
20664	ALBAD	5	triangle	1937
20665	PEAKS	0		1938
20666	BLUNT	1		1938
20667	AVNOP	2		1938
20668	ERVAX	3		1938
20669	UBDAN	4	triangle	1938
20670	ALBAD	5	triangle	1938
20671	IGEGA	0		1939
20672	BOMTU	1		1939
20673	BLUNT	2		1939
20674	CH404	3		1939
20675	ODISI	4	triangle	1939
20676	KIDAL	0		1940
20677	BOMTU	1		1940
20678	BLUNT	2		1940
20679	CH404	3		1940
20680	ODISI	4	triangle	1940
20681	PEAKS	0		1941
20682	BLUNT	1		1941
20683	CH404	2		1941
20684	ODISI	3	triangle	1941
20685	KIDAL	0		1942
20686	CH413	1		1942
20687	AVNOP	2		1942
20688	ERVAX	3	triangle	1942
20689	IGEGA	0		1943
20690	CH412	1		1943
20691	AVNOP	2		1943
20692	ERVAX	3	triangle	1943
20693	PEAKS	0		1944
20694	BLUNT	1		1944
20695	AVNOP	2		1944
20696	ERVAX	3	triangle	1944
20697	IGEGA	0		1945
20698	BLUNT	1		1945
20699	NODEL	2		1945
20700	ABVIM	3	triangle	1945
20701	KIDAL	0		1946
20702	BLUNT	1		1946
20703	NODEL	2		1946
20704	ABVIM	3	triangle	1946
20705	PEAKS	0		1947
20706	BLUNT	1		1947
20707	NODEL	2		1947
20708	ABVIM	3	triangle	1947
20709	MESIX	0		1948
20710	KABGO	1		1948
20711	GUKAM	2		1948
20712	GOMPI	3	triangle	1948
20713	ALBAD	4	triangle	1948
20714	REPAP	0		1949
20715	GUKAM	1		1949
20716	GOMPI	2	triangle	1949
20717	ALBAD	3	triangle	1949
20718	MESIX	0		1951
20719	KABGO	1		1951
20720	CH409	2		1951
20721	ODISI	3	triangle	1951
20722	REPAP	0		1952
20723	VIKEX	1		1952
20724	ODISI	2	triangle	1952
20725	MESIX	0		1954
20726	KABGO	1		1954
20727	GUKAM	2		1954
20728	LATIP	3		1954
20729	PABRA	4		1954
20730	AVDID	5	triangle	1954
20731	MESIX	0		1955
20732	KABGO	1		1955
20733	GUKAM	2		1955
20734	BOLUB	3	triangle	1955
20735	MESIX	0		1956
20736	KABGO	1		1956
20737	ABVIM	2	triangle	1956
20738	MOLGI	0		1957
20739	CH739	1		1957
20740	DOVEM	2		1957
20741	CH503	3		1957
20742	CH416	4		1957
20743	HODDE	5		1957
20744	CH621	6		1957
20745	IDUBU	7	triangle	1957
20746	MOLGI	0		1958
20747	CH739	1		1958
20748	DOVEM	2		1958
20749	KAMGI	3		1958
20750	POPIS	4		1958
20751	CH407	5		1958
20752	OBDOR	6		1958
20753	ODISI	7	triangle	1958
20754	MOLGI	0		1959
20755	CH739	1		1959
20756	DOVEM	2		1959
20757	KAMGI	3		1959
20758	POPIS	4		1959
20759	RUMBI	5		1959
20760	SUSAL	6	triangle	1959
20761	MOLGI	0		1960
20762	CH739	1		1960
20763	DOVEM	2		1960
20764	CH429	3		1960
20765	HODDE	4		1960
20766	IDUBU	5		1960
20767	SUPSO	6	triangle	1960
20768	REPAP	0		1961
20769	ABVIM	1	triangle	1961
20770	CH11T	0		1963
20771	S043.30.35.000 E172.34.03.000	1		1963
20772	ALBAD	2		1963
20773	CH11T	0		1964
20774	LATIP	1		1964
20775	DIVSU	2		1964
20776	CH20T	0		1965
20777	CH02T	1		1965
20778	ATSAT	2		1965
20779	CH02T	0		1970
20780	CH20T	1		1970
20781	RINKO	2		1970
20782	BAVEM	3		1970
20783	CH02T	0		1977
20784	CH20T	1		1977
20785	GUTBU	2		1977
20786	CH29T	0		1983
20787	S043.28.57.220 E172.31.16.907	1		1983
20788	NITEG	2		1983
20789	KABOD	3		1983
20790	CH29T	0		1988
20791	S043.28.57.220 E172.31.16.907	1		1988
20792	NITEG	2		1988
20793	DIVSU	3		1988
20794	REPAP	4		1988
20795	CH20T	0		1990
20796	CH02T	1		1990
20797	AGRAL	2		1990
20798	KADET	3		1990
20799	CH29T	0		1997
20800	S043.28.57.220 E172.31.16.907	1		1997
20801	NITEG	2		1997
20802	LUNTI	3		1997
20803	CH02T	0		2003
20804	CH20T	1		2003
20805	OVLAM	2		2003
20806	ISGAN	3		2003
20807	DAMRU	4		2003
20808	MUKVO	5		2003
20813	CH29T	0		2009
20814	S043.28.57.220 E172.31.16.907	1		2009
20815	IGPIK	2		2009
20816	PALSO	3		2009
20817	CH20T	0		2014
20818	CH02T	1		2014
20819	MEBMU	2		2014
20820	ANULU	3		2014
20821	RUTOR	4		2014
20822	PEDMI	5		2014
20823	MINERS	0		2023
20824	CORINGA	1		2023
20825	POND	0		2024
20826	CORINGA	1		2024
20827	SWANNANOA	0		2025
20828	PYLONS	1		2025
20829	WAIMAIRI	0		2027
20830	NORTHLANDS MALL	1		2027
20831	THE PIER	0		2028
20832	NORTHLANDS MALL	1		2028
20833	SOUTHSHORE PENINSULA	0		2029
20834	JELLIE PARK	1		2029
20835	TAI TAPU	0		2030
20836	ADDINGTON RACECOURSE	1		2030
20837	JELLIE PARK	2		2030
20838	LINCOLN	0		2031
20839	RICCARTON RACECOURSE	1		2031
20841	WAIMAIRI	0		2033
20842	NORTHLANDS MALL	1		2033
20843	LINCOLN	0		2034
20844	WIGRAM	1		2034
20847	PYLONS	0		2037
20848	SWANNANOA	1		2037
20849	BRIDGE	0		2038
20850	MANDEVILLE	1		2038
20855	ADDINGTON RACECOURSE	0		2042
20856	TAI TAPU	1		2042
20857	RICCARTON RACECOURSE	0		2043
20858	WIGRAM	1		2043
20859	LINCOLN	2		2043
20876	TG_NDB	0	circle	2052
20877	WARIK	1	triangle	2052
20878	DABIP	0		2053
20879	CREEK	1	triangle	2053
20880	ELMER	0		2054
20881	EWOOD	1	triangle	2054
20882	KEEPA	0		2055
20883	OTOKO	1	triangle	2055
20891	HAWKE	0		2059
20892	EWOOD	1	triangle	2059
20893	KOPUA	0		2060
20894	XEPEP	1		2060
20895	EWOOD	2	triangle	2060
20896	CREEK	0		2061
20897	UKLIP	1	triangle	2061
20898	ELMER	0		2062
20899	UKLIP	1	triangle	2062
20900	HAWKE	0		2063
20901	UKLIP	1	triangle	2063
20902	OTOKO	0		2064
20903	UKLIP	1	triangle	2064
20904	WARIK	0		2065
20905	UKLIP	1	triangle	2065
20906	GS_VOR	0	circle	2066
20907	KOPUA	1	triangle	2066
20908	GS14T	0		2069
20909	S038.40.41.383 E177.58.55.744	1		2069
20910	GS14T	0		2070
20911	S038.40.41.383 E177.58.55.744	1		2070
20912	GS14T	0		2071
20913	S038.40.41.383 E177.58.55.744	1		2071
20914	GS14T	0		2072
20915	S038.40.41.383 E177.58.55.744	1		2072
20916	GS32T	0		2074
20917	S038.39.11.455 E177.58.24.460	1		2074
20918	S038.39.08.287 E177.58.49.840	2		2074
20919	GS_VOR	3	circle	2074
20920	GS32T	0		2075
20921	S038.39.11.455 E177.58.24.460	1		2075
20922	GS32T	0		2076
20923	S038.39.11.455 E177.58.24.460	1		2076
20924	GS32T	0		2077
20925	NODEX	1		2077
20926	GS14T	0		2084
20927	POPAD	1		2084
20928	S038.40.41.383 E177.58.55.744	2		2084
20929	ATSUN	0		2093
20930	DONNY	1		2093
20931	RONGO	2		2093
20932	UMAGA	3	triangle	2093
20933	LADIT	0		2094
20934	WYRAP	1		2094
20935	TURAK	2		2094
20936	RONGO	3		2094
20937	UMAGA	4	triangle	2094
20938	DOGAD	0		2095
20939	WN406	1		2095
20940	LADIT	2		2095
20941	WYRAP	3		2095
20942	TURAK	4		2095
20943	RONGO	5		2095
20944	UMAGA	6	triangle	2095
20945	ATSUN	0		2096
20946	CHATS	1		2096
20947	ONOKI	2		2096
20948	PAHWA	3		2096
20949	WITBY	4	triangle	2096
20950	DOGAD	0		2097
20951	WN406	1		2097
20952	LADIT	2		2097
20953	HECTA	3		2097
20954	PAHWA	4		2097
20955	WITBY	5	triangle	2097
20956	LADIT	0		2098
20957	HECTA	1		2098
20958	PAHWA	2		2098
20959	WITBY	3	triangle	2098
20960	SIMZI	0		2099
20961	KABUS	1		2099
20962	RUSKI	2		2099
20963	HUWIT	3		2099
20964	WITBY	4	triangle	2099
20965	AVPOD	0		2103
20966	HUWIT	1		2103
20967	WITBY	2	triangle	2103
20968	TPAPA	0		2104
20969	BRUDA	1		2104
20970	HUWIT	2		2104
20971	WITBY	3	triangle	2104
20972	WARDS	0		2105
20973	PHNIX	1		2105
20974	HUWIT	2		2105
20975	WITBY	3	triangle	2105
20976	AVPOD	0		2106
20977	HUWIT	1	triangle	2106
20978	SIMZI	0		2107
20979	KABUS	1		2107
20980	RUSKI	2		2107
20981	HUWIT	3	triangle	2107
20982	TPAPA	0		2111
20983	BRUDA	1		2111
20984	HUWIT	2	triangle	2111
20985	WARDS	0		2112
20986	OMDOX	1		2112
20987	PHNIX	2		2112
20988	DORBU	3	triangle	2112
20989	IGMUL	0		2113
20990	MEEDA	1		2113
20991	JONAH	2		2113
20992	UMAGA	3	triangle	2113
20993	SIMZI	0		2114
20994	KRAKA	1		2114
20995	MEEDA	2		2114
20996	JONAH	3		2114
20997	UMAGA	4	triangle	2114
20998	SULRI	0		2118
20999	MEEDA	1		2118
21000	JONAH	2		2118
21001	UMAGA	3	triangle	2118
21002	TPAPA	0		2119
21003	FICAN	1		2119
21004	TURBY	2		2119
21005	RIPPA	3		2119
21006	JONAH	4		2119
21007	UMAGA	5	triangle	2119
21008	WARDS	0		2120
21009	OMDOX	1		2120
21010	SALTI	2		2120
21011	MEEDA	3		2120
21012	JONAH	4		2120
21013	UMAGA	5	triangle	2120
21014	SIMZI	0		2121
21015	KRAKA	1		2121
21016	MEEDA	2	triangle	2121
21017	SULRI	0		2125
21018	MEEDA	1	triangle	2125
21019	TPAPA	0		2126
21020	FICAN	1		2126
21021	TURBY	2		2126
21022	RIPPA	3	triangle	2126
21023	WARDS	0		2127
21024	OMDOX	1		2127
21025	SALTI	2		2127
21026	MEEDA	3	triangle	2127
21027	WN34T	0		2128
21028	S041.16.48.000 E174.48.20.000	1		2128
21029	NL_NDB	2	circle	2128
21032	WN16T	0		2130
21033	TAXUP	1		2130
21034	TAPAB	2		2130
21035	RUSPI	3		2130
21036	MATVU	4		2130
21037	DOGBI	5		2130
21038	WN34T	0		2136
21039	S041.14.23.000 E174.48.54.000	1		2136
21040	ISNIP	2		2136
21052	WN16T	0		2152
21053	S041.23.31.000 E174.48.22.000	1		2152
21054	REVNA	2		2152
21055	S041.29.39.000 E174.57.46.000	3		2152
21056	S041.29.25.000 E175.01.35.000	4		2152
21057	S041.27.05.000 E175.02.07.000	5		2152
21058	ADLAK	6		2152
21059	KADNU	7		2152
21060	WN16T	0		2158
21061	S041.23.31.000 E174.48.22.000	1		2158
21062	REVNA	2		2158
21063	WN34T	0		2160
21064	S041.16.04.000 E174.48.50.000	1		2160
21065	KALEM	2		2160
21066	WN16T	0		2167
21067	S041.22.37.000 E174.48.08.000	1		2167
21068	MESEL	2		2167
21069	WN34T	0		2171
21070	POLAX	1		2171
21071	WN34T	0		2182
21072	LAXIV	1		2182
21073	POLAX	2		2182
21074	WN16T	0		2193
21075	TAXUP	1		2193
21076	SINCLAIR HEAD	0		2198
21077	ISLAND BAY	1		2198
21079	TURAKIRAE	0		2200
21080	BARING	1		2200
21081	PENCARROW	2		2200
21082	MAKARA PEAK	0		2201
21083	OBSERVATORY	1		2201
21084	BELMONT HILL	0		2202
21085	WARD ISLAND	1		2202
21087	WN16T	0		2204
21088	S041.17.51.000 E174.48.28.000	1		2204
21089	OBSERVATORY	2		2204
21094	WN16T	0		2205
21095	S041.17.51.000 E174.48.28.000	1		2205
21096	OBSERVATORY	2		2205
21097	ISLAND BAY	3		2205
21098	WN16T	0		2206
21099	S041.17.51.000 E174.48.28.000	1		2206
21100	POINT GORDON	2		2206
21101	WARD ISLAND	3		2206
21102	WN16T	0		2207
21103	S041.17.51.000 E174.48.28.000	1		2207
21104	POINT GORDON	2		2207
21105	WARD ISLAND	3		2207
21106	POINT HOWARD	4		2207
21107	WN16T	0		2208
21108	S041.17.51.000 E174.48.28.000	1		2208
21109	POINT GORDON	2		2208
21110	HARBOUR ENTRANCE	3		2208
21111	PENCARROW	4		2208
21112	TURAKIRAE	5		2208
21113	WN34T	0		2209
21114	S041.21.25.000 E174.48.12.000	1		2209
21115	S041.23.07.000 E174.43.34.000	2		2209
21116	WN34T	0		2210
21117	S041.20.30.000 E174.48.18.000	1		2210
21118	HARBOUR ENTRANCE	2		2210
21119	PENCARROW	3		2210
21120	BARING	4		2210
21121	TURAKIRAE	5		2210
21122	WN34T	0		2211
21123	S041.20.30.000 E174.48.18.000	1		2211
21124	HARBOUR ENTRANCE	2		2211
21125	S041.20.36.000 E174.55.42.000	3		2211
21126	ATPUL	0		2212
21127	TAYLA	1	triangle	2212
21128	YOGIT	0		2213
21129	ADBET	1		2213
21130	CHESE	2		2213
21131	TAYLA	3	triangle	2213
21132	ATPUL	0		2217
21133	TAYLA	1		2217
21134	VATNA	2	triangle	2217
21135	LAKES	0		2218
21136	VATNA	1	triangle	2218
21137	ATPUL	0		2222
21138	TAYLA	1		2222
21139	VATNA	2	triangle	2222
21140	BEBER	0		2223
21141	BUDEN	1	triangle	2223
21142	YOGIT	0		2226
21143	DAIRY	1		2226
21144	BUDEN	2	triangle	2226
21145	BEBER	0		2231
21146	MELEP	1		2231
21147	GUNDA	2	triangle	2231
21148	YOGIT	0		2234
21149	BOLOG	1		2234
21150	GUNDA	2	triangle	2234
21151	BUDEN	0		2239
21152	PASSE	1		2239
21153	KEVID	2		2239
21154	KICKE	3		2239
21155	NILUS	4		2239
21156	THROW	5		2239
21157	TAYLA	6	triangle	2239
21158	BUDEN	0		2240
21159	PASSE	1		2240
21160	KEVID	2		2240
21161	KICKE	3		2240
21162	NILUS	4		2240
21163	VATNA	5	triangle	2240
21164	DROPT	0		2241
21165	BUDEN	1	triangle	2241
21166	KARBA	0		2242
21167	SUBTO	1		2242
21168	PASSE	2		2242
21169	BUDEN	3	triangle	2242
21170	KICKE	0		2243
21171	PASSE	1		2243
21172	BUDEN	2	triangle	2243
21173	DROPT	0		2247
21174	GUNDA	1	triangle	2247
21175	KARBA	0		2248
21176	SUBTO	1		2248
21177	PASSE	2		2248
21178	GUNDA	3	triangle	2248
21179	KICKE	0		2249
21180	EGORI	1		2249
21181	GUNDA	2	triangle	2249
21182	KICKE	0		2253
21183	NILUS	1		2253
21184	THROW	2		2253
21185	TAYLA	3	triangle	2253
21186	OLDON	0		2258
21187	NILUS	1		2258
21188	THROW	2		2258
21189	TAYLA	3	triangle	2258
21190	KICKE	0		2259
21191	NILUS	1		2259
21192	VATNA	2	triangle	2259
21193	OLDON	0		2264
21194	TONID	1		2264
21195	NILUS	2		2264
21196	VATNA	3	triangle	2264
21197	HN36R	0		2265
21198	HN18L	1		2265
21199	AGULA	2		2265
21200	HN36R	0		2268
21201	HN18L	1		2268
21202	AGULA	2		2268
21203	BIDKO	3		2268
21204	TEPOX	4		2268
21205	HN36R	0		2274
21206	HN18L	1		2274
21207	AGULA	2		2274
21208	BEKAK	3		2274
21209	HN36R	0		2280
21210	VATNA	1		2280
21211	BEKAK	2		2280
21212	HN36R	0		2286
21213	HN18L	1		2286
21214	BIDKO	2		2286
21215	AGULA	3		2286
21216	BEKAK	4		2286
21217	HN36R	0		2292
21218	HN18L	1		2292
21219	BIDKO	2		2292
21220	HN36R	0		2295
21221	HN18L	1		2295
21222	BIDKO	2		2295
21223	TEPOX	3		2295
21230	HN18L	0		2309
21231	GUNDA	1		2309
21232	GOMUD	2		2309
21238	HN18L	0		2321
21239	GUNDA	1		2321
21258	HN36R	0		2348
21259	VATNA	1		2348
21260	TEPOX	2		2348
21261	TEMPLE VIEW	0		2354
21262	RUKUHIA	1		2354
21265	ARADI	0		2357
21266	VASBO	1		2357
21267	RUTLO	2		2357
21268	BAYES	3	triangle	2357
21269	BASIV	0		2361
21270	RUTLO	1		2361
21271	BAYES	2	triangle	2361
21272	OMLEN	0		2366
21273	VASBO	1		2366
21274	RUTLO	2		2366
21275	BAYES	3	triangle	2366
21276	BASIV	0		2367
21277	WYTAK	1	triangle	2367
21278	ARADI	0		2372
21279	WYTAK	1	triangle	2372
21280	OMLEN	0		2376
21281	WYTAK	1	triangle	2376
21282	AA_VOR	0	circle	2377
21283	GUTLA	1		2377
21284	EMSAK	2		2377
21285	BAYES	3	triangle	2377
21286	LUPRU	0		2378
21287	BAYES	1	triangle	2378
21288	EXOPI	0		2379
21289	BAYES	1	triangle	2379
21290	EXOPI	0		2386
21291	RUTLO	1		2386
21292	VASBO	2		2386
21293	WYTAK	3	triangle	2386
21294	LUPRU	0		2393
21295	RUTLO	1		2393
21296	VASBO	2		2393
21297	WYTAK	3	triangle	2393
21298	AA_VOR	0	circle	2394
21299	GUTLA	1		2394
21300	OMKOL	2		2394
21301	WYTAK	3	triangle	2394
21302	AA_VOR	0	circle	2395
21303	IGOLF	1	triangle	2395
21304	AA_VOR	0	circle	2396
21305	BAZEN	1	triangle	2396
21306	WP03T	0		2397
21307	BAYES	1		2397
21308	WP21T	0		2398
21309	WYTAK	1		2398
21310	WP26T	0		2399
21311	S036.47.18.000 E174.41.33.000	1		2399
21312	S036.42.13.000 E174.46.20.000	2		2399
21313	WYTAK	3		2399
21322	WP08T	0		2401
21323	S036.47.21.000 E174.41.39.000	1		2401
21324	S036.42.22.000 E174.46.15.000	2		2401
21325	BAYES	3		2401
21326	WP03T	0		2402
21327	BAYES	1		2402
21328	WP21T	0		2406
21329	WYTAK	1		2406
21330	BINIT	0		2412
21331	UPRIX	1		2412
21332	AVGUV	2		2412
21333	TERIL	3		2412
21334	LUXUL	4	triangle	2412
21335	IDLUR	0		2413
21336	MOSDO	1		2413
21337	ENDIX	2	triangle	2413
21338	IDLUR	0		2414
21339	BOBIT	1	triangle	2414
21340	BINIT	0		2415
21341	DOTGO	1	triangle	2415
21345	OH09T	0		2416
21346	OH27T	1		2416
21347	DANPO	2		2416
21348	OH27T	0		2421
21349	ENGOK	1		2421
21350	AVPOD	0		2428
21351	LUTKA	1	triangle	2428
21352	IGMUL	0		2429
21353	LUTKA	1	triangle	2429
21354	JAMIE	0		2430
21355	LUTKA	1	triangle	2430
21356	SUPEN	0		2433
21357	LUTKA	1	triangle	2433
21358	AVPOD	0		2436
21359	LUTKA	1	triangle	2436
21360	IGMUL	0		2437
21361	LUTKA	1	triangle	2437
21362	JAMIE	0		2438
21363	LUTKA	1	triangle	2438
21364	SUPEN	0		2441
21365	LUTKA	1	triangle	2441
21366	AVPOD	0		2444
21367	LUTKA	1		2444
21368	WB_VOR	2	circle	2444
21369	IGMUL	0		2445
21370	LUTKA	1		2445
21371	WB_VOR	2	circle	2445
21372	JAMIE	0		2446
21373	LUTKA	1		2446
21374	WB_VOR	2	circle	2446
21375	SUPEN	0		2449
21376	LUTKA	1		2449
21377	WB_VOR	2	circle	2449
21378	WB06T	0		2452
21379	LUTKA	1		2452
21380	WB24T	0		2453
21381	ADBOM	1		2453
21382	S041.33.15.000 E173.46.57.000	2		2453
21383	URGUN	3		2453
21384	BODIM	4		2453
21385	WB06T	0		2456
21386	S041.30.40.000 E173.59.24.000	1		2456
21387	DOTUT	2		2456
21388	WB06T	0		2459
21389	S041.30.49.000 E173.56.38.000	1		2459
21390	VASLU	2		2459
21391	SEDSI	3		2459
21392	SADBO	4		2459
21393	LUBSI	5		2459
21394	WB24T	0		2460
21395	S041.33.15.000 E173.46.57.000	1		2460
21396	URGUN	2		2460
21397	VASLU	3		2460
21398	SEDSI	4		2460
21399	WB06T	0		2464
21400	S041.30.51.000 E173.56.39.000	1		2464
21401	VASLU	2		2464
21402	SEDSI	3		2464
21403	WB24T	0		2467
21404	WB_VOR	1	circle	2467
21405	MARLO	2		2467
21406	WB06T	0		2468
21407	MARLO	1		2468
21410	WB24T	0		2469
21411	S041.31.22.000 E173.47.30.000	1		2469
21412	S041.33.15.000 E173.46.57.000	2		2469
21413	S041.30.41.000 E173.56.23.000	3		2469
21414	MARLO	4		2469
21427	AGSOP	0		2475
21428	GUDSA	1		2475
21429	ENBAR	2	triangle	2475
21430	AVKEX	0		2476
21431	PP401	1		2476
21432	ENBAR	2	triangle	2476
21433	KAMET	0		2477
21434	NOKIX	1	triangle	2477
21435	KAPTI	0		2478
21436	NOKIX	1	triangle	2478
21437	PP_NDB	0	circle	2479
21438	NOKIX	1	triangle	2479
21439	TPAPA	0		2480
21440	FIRST	1		2480
21441	XEDES	2		2480
21442	ENBAR	3	triangle	2480
21443	AGSOP	0		2481
21444	DABGU	1	triangle	2481
21445	AVKEX	0		2482
21446	PP401	1		2482
21447	AKADU	2		2482
21448	NILID	3	triangle	2482
21449	KAMET	0		2483
21450	NOKIX	1		2483
21451	NILID	2	triangle	2483
21452	PP_NDB	0	circle	2484
21453	NILID	1	triangle	2484
21454	TPAPA	0		2485
21455	FIRST	1		2485
21456	VEKDA	2		2485
21457	AKADU	3		2485
21458	NILID	4	triangle	2485
21459	PP16T	0		2486
21460	S040.55.44.000 E175.00.00.000	1		2486
21461	AGAXA	2		2486
21462	PP34T	0		2492
21463	GUGAK	1		2492
21464	HARVO	0		2499
21465	ATRUG	1		2499
21466	UPDAL	2	triangle	2499
21467	SELTA	0		2500
21468	TUIHU	1		2500
21469	VANSA	2		2500
21470	UPDAL	3	triangle	2500
21471	SUBRA	0		2501
21472	UPDAL	1	triangle	2501
21476	MUMOX	0		2508
21477	NUTMI	1		2508
21478	BEMLI	2		2508
21479	VARMA	3	triangle	2508
21480	VISAD	0		2511
21481	VARMA	1	triangle	2511
21482	PEXUR	0		2516
21483	VARMA	1	triangle	2516
21484	VANSA	0		2521
21485	UPDAL	1	triangle	2521
21493	NP23T	0		2530
21494	S039.01.31.000 E174.06.54.000	1		2530
21495	IDMAT	2		2530
21496	SEGMI	3		2530
21497	RUVMO	4		2530
21498	UBSUK	5		2530
21499	HARVO	6		2530
21500	NP23T	0		2531
21501	GUSUR	1		2531
21502	NP23T	0		2540
21503	VARMA	1		2540
21504	PEXUR	2		2540
21505	BOKUL	3		2540
21506	LATIG	4		2540
21511	GS_VOR	0	circle	2058
21512	XEPEP	1		2058
21513	EWOOD	2	triangle	2058
21514	WN16T	0		2550
21515	S041.28.58.000 E174.48.01.000	1		2550
21522	NP05T	0		2560
21523	SAVLO	1		2560
21526	OPAPA	0		2562
21527	NR_VOR	1	circle	2562
21528	ADGIN	0		2563
21529	PANIA	1		2563
21530	NANUA	2	triangle	2563
21531	GENDA	0		2564
21532	OKURA	1		2564
21533	ELBOW	2	triangle	2564
21534	MOKER	0		2565
21535	BERRY	1		2565
21536	ELBOW	2	triangle	2565
21537	OPAPA	0		2566
21538	PINES	1		2566
21539	ELBOW	2	triangle	2566
21540	PANIA	0		2567
21541	NANUA	1	triangle	2567
21542	YARRO	0		2568
21543	PINES	1		2568
21544	ELBOW	2	triangle	2568
21545	ADGIN	0		2569
21546	OHITI	1	triangle	2569
21547	GENDA	0		2570
21548	OHITI	1	triangle	2570
21549	MOKER	0		2571
21550	ELAND	1		2571
21551	PINES	2		2571
21552	OHITI	3	triangle	2571
21553	OPAPA	0		2572
21554	AKINA	1	triangle	2572
21555	YARRO	0		2573
21556	OHITI	1	triangle	2573
21557	NR16T	0		2574
21558	S039.28.52.000 E176.51.57.000	1		2574
21559	S039.29.00.000 E176.52.28.000	2		2574
21560	NR_VOR	3	circle	2574
21561	NR16T	0		2575
21562	S039.28.52.000 E176.51.57.000	1		2575
21563	NR16T	0		2576
21564	S039.28.52.000 E176.51.57.000	1		2576
21565	NR34T	0		2577
21566	S039.27.27.000 E176.52.07.000	1		2577
21567	NR_VOR	2	circle	2577
21568	NR34T	0		2578
21569	S039.27.27.000 E176.52.07.000	1		2578
21570	NR34T	0		2579
21571	S039.27.27.000 E176.52.07.000	1		2579
21572	NR16T	0		2580
21573	LEDIV	1		2580
21574	NR16T	0		2584
21575	LEDIV	1		2584
21576	ISNOS	2		2584
21577	SUPUK	3		2584
21578	MOOSE	4		2584
21579	NR34T	0		2585
21580	OBLOX	1		2585
21581	URENUI	0		2589
21582	WAITARA VALLEY PLANT	1		2589
21583	NP_VOR	0	circle	2590
21584	LEPPERTON	1		2590
21585	AKPIN	0		2591
21586	BIDKU	1		2591
21587	VIKIP	2		2591
21588	DOTLU	3		2591
21589	EGAMU	4	triangle	2591
21590	AMVIX	0		2592
21591	EGAMU	1	triangle	2592
21592	ANOPA	0		2593
21593	MIMIV	1		2593
21594	ESNUP	2	triangle	2593
21595	DUKOP	0		2597
21596	UKETA	1		2597
21597	BIDKU	2		2597
21598	VIKIP	3		2597
21599	DOTLU	4		2597
21600	EGAMU	5	triangle	2597
21601	PEXED	0		2598
21602	LUXER	1		2598
21603	ESNUP	2	triangle	2598
21604	AKPIN	0		2599
21605	BIDKU	1		2599
21606	MASGO	2		2599
21607	DUNAX	3	triangle	2599
21608	AMVIX	0		2600
21609	DOTLU	1	triangle	2600
21610	ANOPA	0		2601
21611	MOMPI	1		2601
21612	LALEV	2	triangle	2601
21613	DUKOP	0		2605
21614	UKETA	1		2605
21615	VENIR	2		2605
21616	BIDKU	3		2605
21617	MASGO	4		2605
21618	DUNAX	5	triangle	2605
21619	CH02T	0		2020
21620	CH20T	1		2020
21621	S043.25.26.000 E172.34.50.000	2		2020
21622	CH20T	0		2021
21623	CH02T	1		2021
21624	S043.32.04.000 E172.26.44.000	2		2021
21625	CH29T	0		2022
21626	CH11T	1		2022
21627	S043.26.53.000 E172.28.00.000	2		2022
21628	OH09T	0		2426
21629	OH27T	1		2426
21630	OH27T	0		2427
21631	OH09T	1		2427
21644	NV04T	0		2606
21645	NV404	1		2606
21646	GURAD	2		2606
21647	KELSO	3		2606
21648	ADLUP	4		2606
21649	NV04T	0		2607
21650	NV404	1		2607
21651	AMVIX	2		2607
21652	NV04T	0		2608
21653	NV404	1		2608
21654	MOMPI	2		2608
21655	ANOPA	3		2608
21656	SUNGU	4		2608
21657	NV04T	0		2609
21658	NV404	1		2609
21659	EPDAB	2		2609
21660	NV04T	0		2610
21661	NV404	1		2610
21662	INTUS	2		2610
21663	NV04T	0		2611
21664	NV404	1		2611
21665	TUVDA	2		2611
21666	POTAB	3		2611
21667	PEXED	4		2611
21668	NV22T	0		2612
21669	NV422	1		2612
21670	RUVGI	2		2612
21671	KELSO	3		2612
21672	ADLUP	4		2612
21673	NV22T	0		2613
21674	NV422	1		2613
21675	AMVIX	2		2613
21676	NV22T	0		2614
21677	NV422	1		2614
21678	RUVGI	2		2614
21679	NV423	3		2614
21680	ANOPA	4		2614
21681	NV22T	0		2616
21682	NV422	1		2616
21683	BIDIS	2		2616
21684	EPDAB	3		2616
21685	NV22T	0		2617
21686	NV422	1		2617
21687	RUVGI	2		2617
21688	INTUS	3		2617
21689	NV22T	0		2618
21690	NV422	1		2618
21691	PEXED	2		2618
21692	ABTUV	0		2620
21693	OKERE	1	triangle	2620
21694	DUBAB	0		2623
21695	ORAKA	1		2623
21696	TOTRA	2	triangle	2623
21697	IBAMU	0		2626
21698	TOTRA	1	triangle	2626
21699	INTOX	0		2627
21700	KILAL	1		2627
21701	TOTRA	2	triangle	2627
21702	SURKA	0		2628
21703	TOTRA	1	triangle	2628
21704	LALAN	0		2632
21705	ORAKA	1		2632
21706	TOTRA	2	triangle	2632
21707	LEDAK	0		2634
21708	REEVE	1		2634
21709	OKERE	2	triangle	2634
21710	REEVE	0		2640
21711	OKERE	1	triangle	2640
21712	LEDAK	0		2641
21713	NIKOR	1	triangle	2641
21714	RO36T	0		2647
21715	NIKOR	1		2647
21716	DOLSO	2		2647
21717	RO36T	0		2653
21718	NIKOR	1		2653
21719	RO18T	0		2657
21720	RO36T	1		2657
21721	MADRO	2		2657
21722	TOTRA	3		2657
21723	ORAKA	4		2657
21724	RO18T	0		2662
21725	RO36T	1		2662
21726	MADRO	2		2662
21727	TOTRA	3		2662
21728	BIKOT	0		2668
21729	BERPI	1		2668
21730	RUSTA	2	triangle	2668
21731	FALLS	0		2669
21732	VIDOB	1		2669
21733	MORTA	2	triangle	2669
21734	GOBUK	0		2670
21735	MORTA	1	triangle	2670
21736	OLDON	0		2671
21737	BATAT	1		2671
21738	MORTA	2	triangle	2671
21739	OROPI	0		2672
21740	MORTA	1	triangle	2672
21741	PIBOV	0		2673
21742	TODAN	1		2673
21743	MORTA	2	triangle	2673
21744	URBUX	0		2674
21745	APUNO	1		2674
21746	KIMAR	2		2674
21747	RUSTA	3	triangle	2674
21748	BIKOT	0		2675
21749	BERPI	1		2675
21750	RUSTA	2		2675
21751	UBSET	3	triangle	2675
21752	FALLS	0		2676
21753	RUMRA	1		2676
21754	TODAN	2	triangle	2676
21755	GOBUK	0		2677
21756	TODAN	1	triangle	2677
21757	OLDON	0		2678
21758	LINPI	1		2678
21759	TODAN	2	triangle	2678
21760	OROPI	0		2679
21761	TODAN	1	triangle	2679
21762	PIBOV	0		2680
21763	TODAN	1	triangle	2680
21764	URBUX	0		2681
21765	APUNO	1		2681
21766	KIMAR	2		2681
21767	RUSTA	3		2681
21768	UBSET	4	triangle	2681
21769	TG07T	0		2682
21770	S037.40.38.000 E176.17.20.000	1		2682
21771	BELET	2		2682
21772	TG25T	0		2683
21773	S037.40.06.000 E176.06.46.000	1		2683
21774	DOTAR	2		2683
21775	TG25T	0		2684
21776	TENIX	1		2684
21777	MORTA	2		2684
21783	TG25T	0		2690
21784	TENIX	1		2690
21785	RUSTA	2		2690
21786	TG07T	0		2692
21787	PATMO	1		2692
21788	TODAN	2		2692
21789	TG07T	0		2698
21790	PATMO	1		2698
21791	UBSET	2		2698
21795	S037.48.07.000 E176.16.09.000	0		2701
21796	S037.44.54.000 E176.10.23.000	1		2701
21797	RUAHIHI	0		2702
21798	RACECOURSE	1		2702
21799	S037.31.29.000 E176.03.25.000	0		2703
21800	S037.36.32.000 E176.08.15.000	1		2703
21801	S037.37.05.000 E176.10.04.000	2		2703
21802	BLUE GUM BAY	0		2704
21803	HUNTERS CREEK	1		2704
21804	TG25T	0		2705
21805	S037.40.16.000 E176.09.56.000	1		2705
21806	HUNTERS CREEK	2		2705
21807	TG25T	0		2706
21808	S037.40.16.000 E176.09.56.000	1		2706
21809	RACECOURSE	2		2706
21810	TG25T	0		2707
21811	S037.40.16.000 E176.09.56.000	1		2707
21812	S037.41.28.000 E176.09.33.000	2		2707
21813	S037.42.29.000 E176.14.37.000	3		2707
21814	TE PUKE	4		2707
21815	TG07T	0		2708
21816	S037.40.25.000 E176.13.57.000	1		2708
21817	S037.39.39.000 E176.14.15.000	2		2708
21818	S037.33.15.000 E176.04.55.000	3		2708
21819	TG07T	0		2709
21820	S037.40.25.000 E176.13.57.000	1		2709
21821	S037.43.25.000 E176.22.02.000	2		2709
21822	TG07T	0		2710
21823	S037.40.25.000 E176.13.57.000	1		2710
21824	MOUNT BALDY	2		2710
21825	APITI	0		2711
21826	TUTSI	1		2711
21827	UPNUK	2		2711
21828	LEKED	3	triangle	2711
21829	IDLUR	0		2712
21830	TUTSI	1		2712
21831	UPNUK	2		2712
21832	LEKED	3	triangle	2712
21835	OKEVO	0		2718
21836	NIKIP	1	triangle	2718
21837	BUVLI	0		2719
21838	NIRUB	1	triangle	2719
21839	MIBUS	0		2722
21840	GUTNI	1	triangle	2722
21841	AVGUV	0		2726
21842	NIKIP	1	triangle	2726
21843	RINRI	0		2731
21844	GUTNI	1	triangle	2731
21845	IGPAX	0		2734
21846	OVRUN	1		2734
21847	BIDEK	2	triangle	2734
21848	IRMIX	0		2737
21849	UVUSI	1	triangle	2737
21850	VIROL	0		2738
21851	KEVEL	1		2738
21852	ANPUG	2		2738
21853	RINRI	3		2738
21854	AKNIN	4	triangle	2738
21855	IRMIX	0		2739
21856	UDODI	1		2739
21857	AKNIN	2	triangle	2739
21863	OKEVO	0		2749
21864	REPIM	1		2749
21865	AKNIN	2	triangle	2749
21866	TUTSI	0		2750
21867	LEKED	1		2750
21868	OLMUX	2		2750
21869	AKNIN	3	triangle	2750
21870	TUTSI	0		2753
21871	LEKED	1	triangle	2753
21872	PM07T	0		2756
21873	PM25T	1		2756
21874	DADLI	2		2756
21875	PM07T	0		2759
21876	PM25T	1		2759
21877	DADLI	2		2759
21878	PM07T	0		2762
21879	PM25T	1		2762
21880	DADLI	2		2762
21886	PM25T	0		2772
21887	GUTNI	1		2772
21888	S040.22.53.000 E175.25.03.000	2		2772
21893	PM25T	0		2784
21894	GUTNI	1		2784
21895	PM25T	0		2789
21896	S040.19.10.000 E175.30.25.000	1		2789
21897	PM07T	0		2790
21898	PM25T	1		2790
21899	VEPUR	2		2790
21900	RUXOX	3		2790
21901	PM25T	0		2798
21902	PM07T	1		2798
21903	VEPUR	2		2798
21904	RUXOX	3		2798
21905	PM07T	0		2801
21906	S040.19.17.000 E175.42.58.000	1		2801
21907	TEROT	2		2801
21908	PM07T	0		2804
21909	S040.19.17.000 E175.42.58.000	1		2804
21910	TEROT	2		2804
21911	PM25T	0		2806
21912	UNIVERSITY	1		2806
21913	TOKOMARU	2		2806
21914	PM25T	0		2807
21915	HIWINUI	1		2807
21916	PM07T	0		2808
21917	LONGBURN	1		2808
21918	RANGIOTU	2		2808
21919	PM07T	0		2809
21920	MANFEILD	1		2809
21921	PM07T	0		2810
21922	S040.18.22.000 E175.35.20.000	1		2810
21923	HIWINUI	2		2810
21924	LONGBURN	0		2811
21925	S040.19.04.000 E175.35.32.000	1		2811
21926	PM07T	2		2811
21927	MANFEILD	0		2812
21928	TE ARAKURA	1		2812
21929	S040.19.04.000 E175.35.32.000	2		2812
21930	TOKOMARU	0		2813
21931	UNIVERSITY	1		2813
21932	S040.19.04.000 E175.38.43.000	2		2813
21933	PM25T	3		2813
21934	HIWINUI	0		2814
21935	S040.19.02.000 E175.40.35.000	1		2814
21936	S040.19.04.000 E175.38.43.000	2		2814
21937	PM25T	3		2814
21938	AKLAR	0		2815
21939	BIPUV	1		2815
21940	LOSKO	2		2815
21941	AKDAS	3		2815
21942	BIGAR	4		2815
21943	ESKAT	5	triangle	2815
21944	BASOS	0		2816
21945	VELBI	1		2816
21946	ANGOT	2		2816
21947	KAKAX	3		2816
21948	DAGNU	4		2816
21949	OTKIS	5		2816
21950	AKLAR	6	triangle	2816
21951	BASOS	0		2820
21952	VELBI	1		2820
21953	ANGOT	2		2820
21954	EMTOX	3		2820
21955	ADBAD	4		2820
21956	BIGAR	5		2820
21957	ESKAT	6	triangle	2820
21958	DABCA	0		2824
21959	ELNEK	1		2824
21960	AKLAR	2	triangle	2824
21961	EPDAB	0		2825
21962	ALBOX	1		2825
21963	MANOP	2		2825
21964	AKLAR	3	triangle	2825
21973	EPDAB	0		2827
21974	ALBOX	1		2827
21975	MANOP	2		2827
21976	BIPUV	3		2827
21977	LOSKO	4		2827
21978	AKDAS	5		2827
21979	BIGAR	6		2827
21980	ESKAT	7	triangle	2827
21981	DABCA	0		2828
21982	BIPUV	1		2828
21983	LOSKO	2		2828
21984	AKDAS	3		2828
21985	BIGAR	4		2828
21986	ESKAT	5	triangle	2828
21987	MIPAK	0		2829
21988	IPKUG	1		2829
21989	ADBAD	2		2829
21990	RELEK	3		2829
21991	ANBIG	4		2829
21992	BIPUV	5		2829
21993	AKLAR	6	triangle	2829
21994	MIPAK	0		2830
21995	IPKUG	1		2830
21996	ADBAD	2		2830
21997	BIGAR	3		2830
21998	ESKAT	4	triangle	2830
22003	DN03T	0		2832
22004	DUKES	1		2832
22005	IVTOP	2		2832
22006	LEKOD	3		2832
22007	DABCA	4		2832
22008	AKPIN	5		2832
22023	DN03T	0		2842
22024	DUKES	1		2842
22025	ESKAT	2		2842
22026	NOMUG	3		2842
22027	DOTVA	4		2842
22028	BIDEL	5		2842
22029	DN03T	0		2843
22030	DUKES	1		2843
22031	ADNAV	2		2843
22032	RULOL	3		2843
22033	LUTSA	4		2843
22034	BIDEL	5		2843
22043	DN21T	0		2845
22044	AGESO	1		2845
22045	MANRA	2		2845
22046	ENDUR	3		2845
22047	IDLIK	4		2845
22048	PIBEX	5		2845
22049	RULOL	6		2845
22050	LUTSA	7		2845
22051	BIDEL	8		2845
22060	AR21T	0		2851
22061	AR03T	1		2851
22062	ADNOG	2		2851
22066	AR21T	0		2859
22067	AR03T	1		2859
22068	S037.06.21.000 E174.55.01.000	2		2859
22069	SY_NDB	3	circle	2859
22074	HUNUA	0		2861
22075	SY_NDB	1	circle	2861
22076	MS24T	0		2863
22077	NIPIR	1		2863
22078	LADIT	2		2863
22079	MS24T	0		2864
22080	NIPIR	1		2864
22081	MAMOD	2		2864
22082	MS06T	0		2868
22083	OLNOL	1		2868
22084	S040.56.30.000 E175.44.47.000	2		2868
22085	S040.55.00.000 E175.45.31.000	3		2868
22086	S040.53.22.000 E175.44.57.000	4		2868
22087	S040.52.12.000 E175.43.31.000	5		2868
22088	S040.51.56.000 E175.41.35.000	6		2868
22089	S040.52.41.000 E175.39.04.000	7		2868
22090	LADIT	8		2868
22091	MS06T	0		2869
22092	OLNOL	1		2869
22093	S040.56.30.000 E175.44.47.000	2		2869
22094	S040.55.00.000 E175.45.31.000	3		2869
22095	S040.53.22.000 E175.44.57.000	4		2869
22096	S040.52.12.000 E175.43.31.000	5		2869
22097	S040.51.56.000 E175.41.35.000	6		2869
22098	S040.52.41.000 E175.39.04.000	7		2869
22099	MAMOD	8		2869
22100	MS24T	0		2873
22101	NIPIR	1		2873
22102	S040.00.16.000 E175.31.06.000	2		2873
22103	S041.01.55.000 E175.30.12.000	3		2873
22104	S041.04.13.000 E175.30.55.000	4		2873
22105	S041.05.17.000 E175.32.36.000	5		2873
22106	S041.05.34.000 E175.35.01.000	6		2873
22107	S041.04.52.000 E175.37.14.000	7		2873
22108	SADUN	8		2873
22109	URDAL	9		2873
22110	MS06T	0		2878
22111	SADUN	1		2878
22112	URDAL	2		2878
22113	DOSTU	0		2883
22114	SUNEL	1		2883
22115	UPLIN	2	triangle	2883
22116	SF_NDB	0	circle	2884
22117	BOLOR	1	triangle	2884
22118	SF_NDB	0	circle	2885
22119	PANGO	1	triangle	2885
22120	GOSTI	0		2886
22121	GUSAG	1		2886
22122	KALGO	2	triangle	2886
22123	GOSTI	0		2887
22124	GUSAG	1		2887
22125	EMSAR	2	triangle	2887
22126	GUMAN	0		2888
22127	GUSAG	1		2888
22128	EMSAR	2	triangle	2888
22129	ISGIT	0		2889
22130	GUMAN	1	triangle	2889
22131	SULFA	0		2890
22132	MEXIS	1		2890
22133	GUSAG	2		2890
22134	KALGO	3	triangle	2890
22135	SULFA	0		2891
22136	AKABA	1	triangle	2891
22137	AP17T	0		2892
22138	S038.46.11.000 E176.04.04.000	1		2892
22139	MINEK	2		2892
22140	VIRIS	0	solidtriangle	2901
22141	SADOS	1		2901
22142	QUINA	2		2901
22143	NIPAS	3		2901
22144	LAMEL	4	maltesecross	2901
22145	IBOKI	5		2901
22146	AA05R	6		2901
22147	ATAMA	0	solidtriangle	2902
22148	PORAR	1	maltesecross	2902
22149	AA509	2		2902
22150	AA05R	3		2902
22151	LENGU	0	triangle	2903
22152	UGRUS	1		2903
22153	FF05R	2	maltesecross	2903
22154	AA05R	3		2903
22155	AA427	0	solidtriangle	2904
22156	BUBKU	1		2904
22157	AA412	2		2904
22158	TEGIK	3	maltesecross	2904
22159	AA23L	4		2904
22160	VABTI	0	solidtriangle	2907
22161	AA521	1		2907
22162	AA428	2		2907
22163	AA516	3		2907
22164	TUSLO	4	maltesecross	2907
22165	AA23L	5		2907
22166	TEVUC	0	triangle	2908
22167	SUBUN	1	solidtriangle	2908
22168	AA513	2		2908
22169	AA412	3		2908
22170	TEGIK	4	maltesecross	2908
22171	AA23L	5		2908
22172	KIDAG	0	solidtriangle	2909
22173	LOSGA	1		2909
22174	LAGUT	2		2909
22175	GOBOB	3		2909
22176	ESMON	4		2909
22177	AKROV	5		2909
22178	DUNAD	6	maltesecross	2909
22179	AA23L	7		2909
22180	ESNAX	0	solidtriangle	2910
22181	NOKAM	1	maltesecross	2910
22182	AA409	2		2910
22183	AA23L	3		2910
22184	EMRAG	0	triangle	2911
22185	ORESO	1		2911
22186	FF23L	2	maltesecross	2911
22187	AA23L	3		2911
22188	ERVAX	0	solidtriangle	2912
22189	CH832	1		2912
22190	CH793	2		2912
22191	CH755	3		2912
22192	PEBVI	4	maltesecross	2912
22193	BEKTI	5		2912
22194	CH02T	6		2912
22195	BOLUB	0	solidtriangle	2913
22196	CH963	1		2913
22197	SULMO	2	maltesecross	2913
22198	CH697	3		2913
22199	NISOM	4		2913
22200	CH02T	5		2913
22201	LEVGO	0	solidtriangle	2914
22202	CH846	1		2914
22203	CH801	2		2914
22204	CH878	3		2914
22205	GUNLO	4	maltesecross	2914
22206	CH02T	5		2914
22210	BUSKU	0	solidtriangle	2919
22211	VENKI	1	maltesecross	2919
22212	CH11T	2		2919
22213	BIXIX	0	solidtriangle	2922
22214	CH827	1		2922
22215	CH428	2		2922
22216	RUSON	3	maltesecross	2922
22217	ENLAT	4		2922
22218	CH20T	5		2922
22219	ERVAX	0	solidtriangle	2923
22220	CH989	1		2923
22221	CH931	2		2923
22222	CH634	3		2923
22223	CH928	4		2923
22224	ENLAT	5	maltesecross	2923
22225	CH20T	6		2923
22226	SUSAL	0	solidtriangle	2924
22227	CH946	1		2924
22228	CH813	2		2924
22229	CH653	3		2924
22230	CH928	4		2924
22231	ENLAT	5	maltesecross	2924
22232	CH20T	6		2924
22236	ABVIM	0	solidtriangle	2929
22237	CH437	1		2929
22238	UBLES	2	maltesecross	2929
22239	CH917	3		2929
22240	CH29T	4		2929
22241	SUPSO	0	solidtriangle	2930
22242	CH434	1		2930
22243	VEKMU	2	maltesecross	2930
22244	CH438	3		2930
22245	CH917	4		2930
22246	CH29T	5		2930
22266	ATVUP	0	solidtriangle	2936
22267	QN760	1		2936
22268	QN755	2		2936
22269	LARAV	3	maltesecross	2936
22270	QN745	4		2936
22271	QN741	5		2936
22272	QN735	6		2936
22273	QN731	7		2936
22274	QN725	8		2936
22275	QN23T	9		2936
22281	KINGS	0	solidtriangle	2939
22282	UBKEL	1		2939
22283	AR409	2	maltesecross	2939
22284	AR03T	3		2939
22288	ORERE	0	solidtriangle	2942
22289	EMTUB	1		2942
22290	AR401	2	maltesecross	2942
22291	AR21T	3		2942
22292	EGURU	0	solidtriangle	2945
22293	SARVI	1		2945
22294	AR401	2	maltesecross	2945
22295	AR21T	3		2945
22296	AKLAR	0	solidtriangle	2948
22297	OVSED	1		2948
22298	AGESO	2	maltesecross	2948
22299	DN03T	3		2948
22300	ESKAT	0	solidtriangle	2949
22301	IDPON	1		2949
22302	BENRU	2	maltesecross	2949
22303	DN21T	3		2949
22304	RUGRU	0	solidtriangle	2951
22305	SALEK	1	maltesecross	2951
22306	GS14T	2		2951
22310	KOPUA	0	solidtriangle	2956
22311	VESAV	1	maltesecross	2956
22312	GS32T	2		2956
22315	OMGET	0	solidtriangle	2959
22316	AVKIN	1	maltesecross	2959
22317	GB678	2		2959
22318	PAROA	0	solidtriangle	2962
22319	AGRIP	1	maltesecross	2962
22320	GM483	2		2962
22321	GM01T	3		2962
22322	VATNA	0	solidtriangle	2965
22323	ISPOT	1	maltesecross	2965
22324	HN18L	2		2965
22325	TAYLA	0	solidtriangle	2966
22326	LAXOD	1	maltesecross	2966
22327	HN18L	2		2966
22328	GUNDA	0	solidtriangle	2967
22329	IKERI	1	maltesecross	2967
22330	HN36R	2		2967
22336	BELEE	0		2969
22337	HK414	1		2969
22338	HK401	2		2969
22339	ANDEP	3	triangle	2969
22340	BOSLA	0		2970
22341	EKVIL	1		2970
22342	BEDAV	2	triangle	2970
22343	DAMIL	0		2971
22344	BEDAV	1	triangle	2971
22345	DUBON	0		2972
22346	HK418	1		2972
22347	HK416	2		2972
22348	HK408	3		2972
22349	ANDEP	4	triangle	2972
22350	BELEE	0		2973
22351	HK417	1		2973
22352	HK411	2		2973
22353	AGTUR	3	triangle	2973
22354	BOSLA	0		2974
22355	HK419	1		2974
22356	HK422	2		2974
22357	MAKOS	3	triangle	2974
22358	DAMIL	0		2975
22359	EKVIL	1	triangle	2975
22360	DUBON	0		2976
22361	HK412	1		2976
22362	HK413	2		2976
22363	HK409	3		2976
22364	EKVIL	4	triangle	2976
22373	KAGRU	0	solidtriangle	2979
22374	NILIB	1	maltesecross	2979
22375	NV04T	2		2979
22376	DUNAX	0	solidtriangle	2980
22377	PALTU	1	maltesecross	2980
22378	NV22T	2		2980
22379	MAMOD	0	triangle	2981
22380	MS603	1	solidtriangle	2981
22381	MS488	2	maltesecross	2981
22382	MS818	3		2981
22383	MS06T	4		2981
22384	SADUN	0	solidtriangle	2982
22385	MS402	1	maltesecross	2982
22386	MS572	2		2982
22387	MS24T	3		2982
22388	TUMGO	0	solidtriangle	2986
22389	ISLOP	1	maltesecross	2986
22390	PATRU	2		2986
22391	NS02T	3		2986
22392	OTLIT	0	solidtriangle	2987
22393	ISLOP	1		2987
22394	PATRU	2	maltesecross	2987
22395	NS02T	3		2987
22396	VARMA	0	solidtriangle	2991
22397	LUTUX	1	maltesecross	2991
22398	NP05T	2		2991
22399	UPDAL	0	solidtriangle	2992
22400	DOVED	1	maltesecross	2992
22401	NP23T	2		2992
22402	LIBKO	0	solidtriangle	2993
22403	RIKDI	1	maltesecross	2993
22404	S036.40.02.730 E174.38.26.722	2		2993
22405	NE03T	3		2993
22406	UPLIN	0	solidtriangle	2994
22407	S036.35.49.268 E174.44.03.811	1	maltesecross	2994
22408	NE21T	2		2994
22409	PAMOA	0	solidtriangle	2995
22410	S044.53.14.600 E171.08.16.260	1	maltesecross	2995
22411	OU18T	2		2995
22412	ORBEL	0	solidtriangle	2996
22413	S045.02.47.738 E171.01.30.090	1	maltesecross	2996
22414	OU36T	2		2996
22415	NUTGO	0	solidtriangle	2997
22416	NIVOD	1	maltesecross	2997
22417	OH09T	2		2997
22418	GUPIL	0	solidtriangle	2998
22419	DOXIN	1	maltesecross	2998
22420	OH15T	2		2998
22421	LUXUL	0	solidtriangle	3004
22422	PEDBA	1	maltesecross	3004
22423	OH27T	2		3004
22424	SAKOG	0	solidtriangle	3005
22425	PEDBA	1	maltesecross	3005
22426	OH27T	2		3005
22430	SOSLA	0	solidtriangle	3007
22431	VELSU	1	maltesecross	3007
22432	OH33T	2		3007
22433	GUTNI	0	solidtriangle	3010
22434	LERSO	1	maltesecross	3010
22435	PM07T	2		3010
22436	UVUSI	0	solidtriangle	3013
22437	IVREP	1	maltesecross	3013
22438	PM25T	2		3013
22443	LEKED	0	triangle	3016
22444	SEKNI	1	solidtriangle	3016
22445	DANLU	2	maltesecross	3016
22446	PM482	3		3016
22447	PM25T	4		3016
22448	NOKIX	0	solidtriangle	3017
22449	PP411	1	maltesecross	3017
22450	PP414	2		3017
22451	PP16T	3		3017
22452	LEVBI	0	solidtriangle	3019
22453	TAXEV	1	maltesecross	3019
22454	PP421	2		3019
22455	PP34T	3		3019
22456	NIKOR	0	solidtriangle	3022
22457	ELKOB	1	maltesecross	3022
22458	RO18T	2		3022
22473	AP706	0	solidtriangle	3027
22474	OLSEK	1	maltesecross	3027
22475	AP701	2		3027
22476	AP17T	3		3027
22477	AP506	0	solidtriangle	3030
22478	UBLUT	1	maltesecross	3030
22479	AP501	2		3030
22480	AP35T	3		3030
22481	TENIX	0	solidtriangle	3034
22482	RIPSA	1	maltesecross	3034
22483	TG07T	2		3034
22484	PATMO	0	solidtriangle	3037
22485	UKDAS	1	maltesecross	3037
22486	TG25T	2		3037
22487	WAIPA	0	solidtriangle	3040
22488	S038.10.01.790 E175.49.51.488	1	maltesecross	3040
22489	TO13T	2		3040
22490	AMURI	0	solidtriangle	3044
22491	S038.18.35.798 E175.57.29.650	1	maltesecross	3044
22492	TO31T	2		3044
22493	WITBY	0	solidtriangle	3048
22494	CANES	1		3048
22495	OLBIN	2	maltesecross	3048
22496	WN16T	3		3048
22497	WN416	0	solidtriangle	3049
22498	RIDGE	1	maltesecross	3049
22499	WN16T	2		3049
22500	UMAGA	0	solidtriangle	3052
22501	BUTIN	1		3052
22502	WN402	2		3052
22503	ROZAN	3	maltesecross	3052
22504	WN34T	4		3052
22505	UMAGA	0	solidtriangle	3053
22506	BUTIN	1		3053
22507	WN402	2		3053
22508	ROZAN	3	maltesecross	3053
22509	WN403	4		3053
22510	WN34T	5		3053
22511	WN412	0	solidtriangle	3054
22512	WN508	1		3054
22513	SULAB	2	maltesecross	3054
22514	WN34T	3		3054
22515	AKSEM	0		3057
22516	AREDU	1		3057
22517	KAKOM	2		3057
22518	AVMAK	3	triangle	3057
22519	DAMIL	0		3058
22520	BURKI	1	triangle	3058
22521	ESDAK	0		3059
22522	WS401	1		3059
22523	WS406	2		3059
22524	AVMAK	3	triangle	3059
22525	KAKET	0		3060
22526	GUNOM	1	triangle	3060
22527	AKSEM	0		3061
22528	WS501	1		3061
22529	PILUP	2	triangle	3061
22530	DAMIL	0		3062
22531	ANSIS	1	triangle	3062
22532	ESDAK	0		3063
22533	WS501	1		3063
22534	PILUP	2	triangle	3063
22535	BURKI	0	solidtriangle	3064
22536	WS404	1		3064
22537	WS04T	2		3064
22538	WS408	0	solidtriangle	3067
22539	WS411	1		3067
22540	WS22T	2		3067
22543	KEEPA	0		3070
22544	WK406	1		3070
22545	LAVIS	2	triangle	3070
22546	KEEPA	0		3071
22547	WK404	1		3071
22548	WK403	2		3071
22549	REGAT	3	triangle	3071
22550	ELBEV	0	solidtriangle	3072
22551	WK401	1	maltesecross	3072
22552	WK09T	2		3072
22553	REGAT	0	solidtriangle	3074
22554	WK402	1	maltesecross	3074
22555	WK27T	2		3074
22556	TENUR	0		3076
22557	ADGAT	1	triangle	3076
22558	VIROL	0		3077
22559	BELVO	1	triangle	3077
22560	VIROL	0		3078
22561	AVLOR	1	triangle	3078
22562	TENUR	0		3079
22563	BUPKA	1	triangle	3079
22564	DUDED	0	solidtriangle	3080
22565	S039.54.52.891 E174.56.24.292	1	maltesecross	3080
22566	WU11T	2		3080
22567	BASEP	0	solidtriangle	3083
22568	BUSBI	1	maltesecross	3083
22569	WU29T	2		3083
22574	DAVEE	0		1623
22575	WI_NDB	1	circle	1623
22576	GITUK	2		1623
22577	LENGU	3	triangle	1623
22578	ARADI	0		1588
22579	JABBA	1		1588
22580	AA514	2		1588
22581	ZOCCA	3		1588
22582	AA506	4		1588
22583	LENGU	5	triangle	1588
22588	OTAHA	0	solidtriangle	3086
22589	S035.10.17.630 E173.53.06.950	1	maltesecross	3086
22590	S035.14.39.599 E173.54.28.721	2		3086
22591	KK15T	3		3086
22592	OPARE	0	solidtriangle	3087
22593	S035.20.37.140 E173.56.20.569	1	maltesecross	3087
22594	S035.16.15.190 E173.54.58.601	2		3087
22595	KK33T	3		3087
22600	STEED	0	solidtriangle	3090
22601	S034.59.07.760 E173.12.22.450	1	maltesecross	3090
22602	S035.03.04.910 E173.16.06.751	2		3090
22603	KT12T	3		3090
22608	PERIA	0	solidtriangle	3092
22609	S035.06.52.740 E173.20.54.650	1		3092
22610	S035.05.04.060 E173.17.59.618	2		3092
22611	KT30T	3		3092
22614	OMANA	0	solidtriangle	3093
22615	ADKES	1	maltesecross	3093
22616	WR601	2		3093
22617	WR06T	3		3093
22618	SF_NDB	0	circle	3094
22619	DUDAP	1	maltesecross	3094
22620	WR431	2		3094
22621	BIRAX	0	solidtriangle	3095
22622	MONSU	1	maltesecross	3095
22623	WR983	2		3095
22624	WYTAK	0	solidtriangle	3096
22625	MESUD	1	maltesecross	3096
22626	WP03T	2		3096
22627	MAKEE	0	solidtriangle	3098
22628	WP801	1	maltesecross	3098
22629	WP08T	2		3098
22630	BAYES	0	solidtriangle	3101
22631	KIBIM	1	maltesecross	3101
22632	WP21T	2		3101
22633	FLAXX	0	solidtriangle	3102
22634	WP601	1	maltesecross	3102
22635	WP26T	2		3102
22636	LUTKA	0	solidtriangle	3106
22637	ELKUB	1		3106
22638	ENPIP	2	maltesecross	3106
22639	WB401	3		3106
22640	WB24T	4		3106
22641	ELMAX	0	solidtriangle	3108
22642	NOPEM	1	maltesecross	3108
22643	ORUBA	2		3108
22648	BUDEN	0	solidtriangle	3114
22649	NITAK	1	maltesecross	3114
22650	HN36R	2		3114
22653	AVMEB	0	solidtriangle	3116
22654	RITPU	1	maltesecross	3116
22655	WO16T	2		3116
22656	MARKS	0	solidtriangle	3120
22657	WO422	1	maltesecross	3120
22658	WO411	2		3120
22659	WO34T	3		3120
22666	AROPA	0	solidtriangle	2985
22667	S039.22.42.211 E176.54.54.562	1	maltesecross	2985
22668	S039.26.57.970 E176.52.09.908	2		2985
22669	NR16T	3		2985
22670	AKINA	0	solidtriangle	3123
22671	S039.32.12.559 E176.51.35.150	1	maltesecross	3123
22672	NR34T	2		3123
22673	WAPOU	0	solidtriangle	3128
22674	HA906	1	maltesecross	3128
22675	HA32T	2		3128
22680	NP_VOR	0	circle	2546
22681	LN:10.0:020	1		2546
22688	S043.22.00.000 E172.22.30.000	0		2032
22689	BRIDGE	1		2032
22690	S043.31.00.000 E172.32.30.000	0		2041
22691	SOUTHSHORE PENINSULA	1		2041
22692	S043.29.30.000 E172.29.30.000	0		2035
22693	MINERS	1		2035
22694	S043.29.30.000 E172.29.30.000	0		2036
22695	POND	1		2036
22696	S043.26.30.000 E172.17.30.000	2		2036
22697	HN36R	0		2302
22698	BUDEN	1		2302
22699	HN18L	0		2301
22700	TAYLA	1		2301
22701	HN36R	0		2303
22702	MUGIL	1		2303
22703	GOMUD	2		2303
22704	HN36R	0		2315
22705	RUMET	1		2315
22706	MUGIL	2		2315
22707	GOMUD	3		2315
22708	HN36R	0		2330
22709	MUGIL	1		2330
22710	HN36R	0		2339
22711	RUMET	1		2339
22712	HN36R	0		2334
22713	MUGIL	1		2334
22714	RUMET	2		2334
22715	SAPEG	3		2334
22716	HN36R	0		2325
22717	GUNDA	1		2325
22718	SAPEG	2		2325
22719	HN36R	0		2343
22720	RUMET	1		2343
22721	SAPEG	2		2343
22722	S043.29.00.000 E172.35.30.000	0		2040
22723	NORTHLANDS MALL	1		2040
22724	THE PIER	2		2040
22725	S043.29.00.000 E172.35.30.000	0		2039
22726	NORTHLANDS MALL	1		2039
22727	WAIMAIRI	2		2039
22730	PERIA	0		3132
22731	LN:0.1:150	1		3132
22734	DN21T	0		2834
22735	DUKES	1		2834
22736	IVTOP	2		2834
22737	LEKOD	3		2834
22738	KADSU	4		2834
22739	ANGOT	5		2834
22740	BASOS	6		2834
22743	DN03T	0		2844
22744	AGESO	1		2844
22745	OKAPO	2		2844
22746	ATGUB	3		2844
22747	TEBIV	4		2844
22748	NOMUG	5		2844
22749	DOTVA	6		2844
22750	BIDEL	7		2844
22754	DN03T	0		2838
22755	AKLAR	1		2838
22756	ANGOT	2		2838
22757	BASOS	3		2838
22758	DN03T	0		2833
22759	AKLAR	1		2833
22760	ALBOX	2		2833
22761	DN03T	0		2831
22762	AKLAR	1		2831
22763	IDADO	2		2831
22764	AKPIN	3		2831
22765	S041.22.30.000 E174.58.00.000	0		2203
22766	HARBOUR ENTRANCE	1		2203
22767	S041.18.00.000 E174.58.00.000	0		2199
22768	HARBOUR ENTRANCE	1		2199
22769	AA05R	0		1812
22770	S036.59.13.000 E174.51.25.000	1		1812
22771	DOVON	2		1812
22772	AVDAT	3		1812
22773	AA05R	0		3136
22774	EMRAG	1		3136
22775	AA23L	0		1832
22776	S037.01.54.000 E174.42.34.000	1		1832
22777	PEEHA	2		1832
22778	ELSAB	3		1832
22779	KT_NDB	0	circle	3088
22780	STEED	1	solidtriangle	3088
22781	DN03T	0		2846
22782	BE_NDB	1	circle	2846
22783	OREXI	2		2846
22784	DN03T	0		2848
22785	BE_NDB	1	circle	2848
22786	DN21T	0		2847
22787	BE_NDB	1	circle	2847
22788	PORUT	2		2847
22789	S045.55.27.000 E170.12.28.000	0		1520
22790	S045.53.57.043 E170.15.34.192	1		1520
22791	S045.54.08.785 E170.17.01.034	2		1520
22792	S045.54.56.616 E170.17.56.738	3		1520
22793	S045.55.58.170 E170.17.55.231	4		1520
22794	S045.56.44.646 E170.16.57.173	5		1520
22795	S045.56.51.030 E170.16.36.564	6		1520
22796	BE_NDB	7	circle	1520
22811	QN23T	0		3137
22812	QN602	1		3137
22813	UPTIN	2		3137
22814	DUGET	3		3137
22815	GOLEG	4		3137
22816	PIPOG	5		3137
22817	QN628	6		3137
22818	QN632	7		3137
22819	ASULA	8		3137
22820	QN648	9		3137
22821	TUMTA	10		3137
22822	BUGSA	11		3137
22823	QN878	12		3137
22824	QN882	13		3137
22825	QN05T	0		3139
22826	QN605	1		3139
22827	QN615	2		3139
22828	QN621	3		3139
22829	DOVMA	4		3139
22830	QN678	5		3139
22831	QN682	6		3139
22832	QN686	7		3139
22833	QN690	8		3139
22834	QN737	9		3139
22835	BUGSA	10		3139
22836	QN878	11		3139
22837	QN882	12		3139
22838	MOUNT NIC STATION	0		3142
22839	STREAM	1		3142
22840	WALTER PEAK	2		3142
22841	GULLY	3		3142
22842	HIDDEN ISLAND	4		3142
22843	TOLLGATE	5		3142
22844	MOUNT NIC STATION	0		3143
22845	AFTON BURN SADDLE	1		3143
22846	STREAM	2		3143
22847	WALTER PEAK	3		3143
22848	GULLY	4		3143
22849	MOONLIGHT	0		3144
22850	TUCKER BEACH	1		3144
22851	ROARING MEG	0		3145
22852	VICTORIA	1		3145
22853	S045.01.24.935 E168.57.24.426	2		3145
22854	TOLLGATE	0		3146
22855	WYE CREEK	1		3146
22856	DEVILS STAIRCASE	2		3146
22857	BUNGY BRIDGE	0		3147
22858	VICTORIA	1		3147
22859	LAKE HAYES	0		3148
22860	SOHO RIVER	1		3148
22861	SUNSHINE BAY	0		3149
22862	MOKE LAKE	1		3149
22863	TUCKER BEACH	0		3150
22864	SKIPPERS SADDLE	1		3150
22865	SUNSHINE BAY	0		3151
22866	RAT POINT	1		3151
22867	TOLLGATE	0		3152
22868	SHORELINE	1		3152
22869	HIDDEN ISLAND	2		3152
22870	GULLY	3		3152
22871	GURSU	0		3153
22872	AGTID	1	triangle	3153
22873	MAKETU	0		2700
22874	MOUNT BALDY	1		2700
22875	ENKUV	0		3158
22876	OLREK	1		3158
22877	TULVU	2		3158
22878	VAPLI	3		3158
22879	AVDEK	4		3158
22880	DULUL	5		3158
22881	ANPOV	6		3158
22890	TK36T	0		3163
22891	BENVU	1		3163
22892	MARKO	2		3163
22893	ISKIK	0		3164
22894	ENPEV	1	triangle	3164
22895	MAGEX	0		3165
22896	WT734	1		3165
22897	WT652	2		3165
22898	AGPUM	3	triangle	3165
22899	MASDA	0		3166
22900	WT576	1		3166
22901	GOVTI	2	triangle	3166
22902	ANGUL	0		3167
22903	ALDEV	1	triangle	3167
22904	PEXED	0		3168
22905	ENSOV	1	triangle	3168
22911	LUGDU	0	solidtriangle	3177
22912	PORUT	1	maltesecross	3177
22913	LX407	2		3177
22916	LX32T	0		3180
22917	LUGDU	1		3180
22918	ATMAS	0	solidtriangle	3187
22919	IDPAX	1	maltesecross	3187
22920	GT403	2		3187
22921	GT15T	0		3189
22922	OMUBU	1		3189
22923	MAMUS	2		3189
22924	BUGNO	0		2507
22925	ISPAG	1		2507
22926	UPDAL	2	triangle	2507
22930	GULAN	0	solidtriangle	3169
22931	MO26T	1		3169
22932	AA05R	0		1691
22933	LENGU	1		1691
22934	AA23L	0		1692
22935	EMRAG	1		1692
22936	PM07T	0		3190
22937	GUTNI	1		3190
22938	PM07T	0		3193
22939	GUTNI	1		3193
22940	PM25T	0		3196
22941	S040.19.14.801 E175.43.30.630	1		3196
22942	MARKO	0	triangle	3162
22943	TK401	1	solidtriangle	3162
22944	BENVU	2	maltesecross	3162
22945	TK407	3		3162
22946	TK18T	4		3162
22947	MARKO	0	triangle	3161
22948	TK401	1	solidtriangle	3161
22949	BENVU	2	maltesecross	3161
22950	TK407	3		3161
22951	TK18T	4		3161
22952	AP35T	0		3197
22953	S038.46.01.940 E176.04.32.460	1		3197
22954	S038.45.42.200 E176.02.20.680	2		3197
22959	AP35T	0		3199
22960	S038.46.01.940 E176.04.32.460	1		3199
22961	S038.45.42.200 E176.02.20.680	2		3199
22962	AP_NDB	3	circle	3199
22967	AP17T	0		3200
22968	S038.42.52.130 E176.05.38.820	1		3200
22972	AP17T	0		3202
22973	S038.42.52.130 E176.05.38.820	1		3202
22974	AP17T	0		3203
22975	TEREG	1		3203
22976	DOPOP	0		3212
22977	BIDNI	1	triangle	3212
22978	PORUT	0		3213
22979	UPTAX	1		3213
22980	LUVAB	2	triangle	3213
22981	MAMUS	0		3214
22982	UGVAV	1		3214
22983	LUVAB	2	triangle	3214
22984	DUBON	0		3215
22985	TU426	1		3215
22986	DOPOP	2	triangle	3215
22987	ELDAK	0		3216
22988	BIDNI	1		3216
22989	DOPOP	2	triangle	3216
22990	ELDAK	0		3217
22991	BIDNI	1	triangle	3217
22992	DUBON	0		3218
22993	MOVBO	1		3218
22994	ANGAX	2		3218
22995	IDKOV	3		3218
22996	LUVAB	4	triangle	3218
22997	MAMUS	0		3219
22998	TU411	1		3219
22999	DOPOP	2	triangle	3219
23000	PORUT	0		3220
23001	TU537	1		3220
23002	TU479	2		3220
23003	DOPOP	3	triangle	3220
23004	TU593	0	solidtriangle	3221
23005	REKID	1	maltesecross	3221
23006	TU402	2		3221
23007	TU02T	3		3221
23008	SUNPA	0	triangle	3223
23009	EMTEP	1	maltesecross	3223
23010	TU20T	2		3223
23023	TU20T	0		3226
23024	S044.16.41.500 E171.15.04.500	1		3226
23025	BIDNI	2		3226
23026	TU02T	0		3232
23027	MUKEN	1		3232
23028	AP35T	0		3198
23029	S038.46.01.940 E176.04.32.460	1		3198
23030	S038.45.42.200 E176.02.20.680	2		3198
23031	AP_NDB	3	circle	3198
23032	AP17T	0		3201
23033	S038.42.52.130 E176.05.38.820	1		3201
23034	AP_NDB	2	circle	3201
23035	WN16T	0		3240
23036	S041.18.31.240 E174.48.29.120	1		3240
23037	S041.16.45.390 E174.46.49.040	2		3240
23038	MUDGU	3		3240
23039	ISNIP	4		3240
23046	NZRC	0		3246
23047	ANGEB	1		3246
23048	SEBSA	2		3246
23057	SEBSA	0	triangle	3247
23058	ANGEB	1	maltesecross	3247
23059	RC401	2	solidstar	3247
23060	NZRC	3		3247
23061	OLNAN	0	solidtriangle	3248
23062	RULVU	1	maltesecross	3248
23063	OX701	2	solidstar	3248
23064	NZOX	3		3248
23065	KARVO	0	triangle	2977
23066	HK406	1	maltesecross	2977
23067	HK03T	2		2977
23077	NP05T	0		2529
23078	IGDIL	1		2529
23079	ATRUG	2		2529
23080	HARVO	3		2529
23081	MAKOS	0	solidtriangle	2978
23082	HK407	1	maltesecross	2978
23083	HK21T	2		2978
23084	RANGIOTU	0		3256
23085	LONGBURN	1		3256
23086	PM07T	2		3256
23087	TOKOMARU	0		3257
23088	UNIVERSITY	1		3257
23089	PM25T	2		3257
23105	ELRUV	0		3262
23106	UBNAS	1		3262
23107	ARIGU	2	triangle	3262
23108	PORUT	0		3263
23109	UBMET	1		3263
23110	DODKA	2		3263
23111	SUPIM	3	triangle	3263
23112	QN_VOR	0	circle	3264
23113	OLSOT	1		3264
23114	PASMU	2	triangle	3264
23115	KAKVA	0	solidtriangle	3265
23116	PILAD	1		3265
23117	SAGEM	2		3265
23118	WF29T	3		3265
23119	WF11T	0		3269
23120	NIRUK	1		3269
23121	S044.40.37.272 E167.14.51.360	2		3269
23122	PILAD	3		3269
23123	KAKVA	4		3269
23124	UBMET	5		3269
23125	PORUT	6		3269
23126	WF11T	0		3270
23127	NIRUK	1		3270
23128	S044.40.37.272 E167.14.51.360	2		3270
23129	ARIGU	3		3270
23130	ATVOR	4		3270
23131	TIMJO	5		3270
23132	WF29T	0		3271
23133	PILAD	1		3271
23134	ARIGU	2		3271
23135	ATVOR	3		3271
23136	TIMJO	4		3271
23137	WF29T	0		3272
23138	PILAD	1		3272
23139	KAKVA	2		3272
23140	UBMET	3		3272
23141	PORUT	4		3272
23142	NZWF	0		3273
23143	MEPOM	1		3273
23144	BEKNO	2		3273
23145	TIMJO	3		3273
23146	KT30T	0		3274
23147	S035.05.27.816 E173.18.20.448	1		3274
23154	KT30T	0		3278
23155	S035.05.27.816 E173.18.20.448	1		3278
23156	RUATO	2		3278
23157	KT12T	0		3279
23158	S035.03.03.708 E173.16.04.584	1		3279
23159	KT30T	0		3284
23160	S035.05.27.816 E173.18.20.448	1		3284
23161	S035.05.32.964 E173.23.01.428	2		3284
23162	HOBBS	3		3284
23163	KT30T	0		3288
23164	S035.05.27.816 E173.18.20.448	1		3288
23165	KAROA	2		3288
23166	KK33T	0		3289
23167	S035.17.05.280 E173.55.14.592	1		3289
23168	KAROA	2		3289
23169	KK33T	0		3290
23170	S035.17.05.280 E173.55.14.592	1		3290
23171	SF_NDB	2	circle	3290
23172	KK33T	0		3291
23173	S035.17.05.280 E173.55.14.592	1		3291
23174	KOPPA	2		3291
23175	KK15T	0		3292
23176	S035.13.48.648 E173.54.13.104	1		3292
23177	KK15T	0		3295
23178	S035.13.48.648 E173.54.13.104	1		3295
23179	KAROA	2		3295
23180	KK15T	0		3296
23181	S035.17.05.280 E173.55.14.592	1		3296
23182	UKAPA	2		3296
23183	KK15T	0		3297
23184	S035.13.48.648 E173.54.13.104	1		3297
23185	S035.15.28.368 E173.56.02.544	2		3297
23186	UKAPA	3		3297
23190	WR24T	0		3298
23191	S035.48.34.704 E174.24.11.016	1		3298
23192	S035.50.46.572 E174.26.36.096	2		3298
23193	WR06T	0		3306
23194	S035.48.34.704 E174.24.11.016	1		3306
23195	S035.50.46.572 E174.26.36.096	2		3306
23196	WR06T	0		3314
23197	S035.49.19.020 E174.21.34.344	1		3314
23198	SF_NDB	2	circle	3314
23199	WR24T	0		3315
23200	S035.49.19.020 E174.21.34.344	1		3315
23201	SF_NDB	2	circle	3315
23202	WR06T	0		3316
23203	WR24T	1		3316
23204	S035.45.46.764 E174.24.37.440	2		3316
23205	SF_NDB	3	circle	3316
23206	WR24T	0		3317
23207	WR06T	1		3317
23208	S035.46.29.244 E174.19.01.920	2		3317
23209	SF_NDB	3	circle	3317
23213	GB28T	0		3321
23214	GB408	1		3321
23215	UDUMA	2		3321
23216	S036.12.43.056 E175.35.00.600	3		3321
23217	DOSTU	4		3321
23218	AR03T	0		2855
23219	AR21T	1		2855
23220	PATGA	2		2855
23221	AR03T	0		2860
23222	AR21T	1		2860
23223	S036.58.50.304 E175.04.59.268	2		2860
23224	S037.04.35.400 E175.07.00.840	3		2860
23225	SY_NDB	4	circle	2860
23228	WK09T	0		3323
23229	S037.54.05.364 E176.51.06.768	1		3323
23230	WK09T	0		3324
23231	WK402	1		3324
23232	WK09T	0		3327
23233	WK402	1		3327
23234	WO34T	0		3122
23235	WO16T	1		3122
23236	S038.58.57.000 E177.24.07.452	2		3122
23237	GOTNO	3		3122
23238	WO34T	0		3121
23239	WO16T	1		3121
23240	S038.58.57.000 E177.24.07.452	2		3121
23241	DOMON	3		3121
23242	NZWO	0		3333
23243	GOTNO	1		3333
23244	S039.05.39.516 E177.25.04.404	2		3333
23245	NR_VOR	0	circle	3334
23246	S039.32.30.912 E177.03.10.296	1		3334
23247	S039.35.06.828 E177.00.08.784	2		3334
23248	S039.36.55.440 E176.55.18.804	3		3334
23249	AKINA	4	triangle	3334
23254	NR_VOR	0	circle	3336
23255	S039.24.05.796 E177.04.27.588	1		3336
23256	S039.21.08.064 E177.02.21.120	2		3336
23257	S039.18.52.812 E176.59.09.780	3		3336
23258	AROPA	4	triangle	3336
23259	NR_VOR	0	circle	3337
23260	PANIA	1		3337
23261	S039.25.43.356 E177.04.50.160	2		3337
23262	S039.24.05.796 E177.04.27.588	3		3337
23263	S039.21.08.064 E177.02.21.120	4		3337
23264	S039.18.52.812 E176.59.09.780	5		3337
23265	AROPA	6	triangle	3337
23266	OPAPA	0	triangle	3339
23267	S039.43.19.992 E176.42.38.772	1		3339
23268	S039.38.57.768 E176.45.48.060	2		3339
23269	HS01T	3		3339
23270	NR_VOR	0	solidtriangle	3340
23271	S039.34.55.776 E176.48.42.372	1		3340
23272	S039.38.25.620 E176.46.11.208	2		3340
23273	HS19T	3		3340
23274	HS01T	0		3341
23275	HS19T	1		3341
23276	S039.37.29.856 E176.46.41.664	2		3341
23277	HS19T	0		3346
23278	HS01T	1		3346
23279	S039.39.46.368 E176.45.13.248	2		3346
23280	NP23T	0		2561
23281	NP05T	1		2561
23282	S039.01.08.472 E174.08.40.092	2		2561
23283	S038.59.40.344 E174.06.24.480	3		2561
23284	S038.58.57.828 E174.07.50.484	4		2561
23285	S038.59.15.936 E174.09.43.884	5		2561
23286	NP_VOR	6		2561
23287	S039.21.32.760 E174.34.43.176	7		2561
23288	KAPTI	0		3355
23289	NILID	1	triangle	3355
23290	NS20T	0		1881
23291	NS02T	1		1881
23292	S041.19.26.688 E173.10.53.256	2		1881
23293	S041.19.16.068 E173.10.05.088	3		1881
23294	S041.18.39.096 E173.10.08.760	4		1881
23295	NS_VOR	5	circle	1881
23296	NS20T	0		1882
23297	NS02T	1		1882
23298	S041.19.26.688 E173.10.53.256	2		1882
23304	NS02T	0		1883
23305	NS20T	1		1883
23306	S041.16.47.100 E173.14.36.780	2		1883
23307	S041.16.14.844 E173.13.36.552	3		1883
23308	S041.20.12.696 E173.09.17.064	4		1883
23309	S041.19.26.688 E173.10.53.256	5		1883
23310	NS20T	0		1884
23311	NS02T	1		1884
23312	S041.16.47.100 E173.14.36.780	2		1884
23313	S040.59.55.212 E173.23.10.932	3		1884
23314	APASA	0		3356
23315	PAROA	1	triangle	3356
23316	DOPAX	0		3357
23317	ELPAM	1	triangle	3357
23318	HK_NDB	0	circle	3358
23319	PAROA	1	triangle	3358
23320	RILEY	0		3359
23321	PAKSA	1	triangle	3359
23322	GM19T	0		3360
23323	GM01T	1		3360
23324	PAROA	2		3360
23325	APASA	3		3360
23326	OSOLO	4		3360
23327	GM01T	0		3361
23328	GM19T	1		3361
23329	S042.26.17.340 E171.12.42.624	2		3361
23330	MUDUT	3		3361
23331	S042.20.13.524 E171.09.06.300	4		3361
23332	RILEY	5		3361
23333	QN23T	0		1522
23334	S045.01.42.420 E168.40.58.296	1		1522
23335	S045.02.43.980 E168.38.32.784	2		1522
23336	QN05T	0		1521
23337	QN23T	1		1521
23338	S045.00.30.528 E168.47.51.612	2		1521
23339	S044.57.51.264 E168.50.16.620	3		1521
23340	S044.57.27.864 E168.45.24.264	4		1521
23341	QN_VOR	5	circle	1521
23342	MO26T	0		3172
23343	MO552	1		3172
23344	GULAN	2		3172
23345	NV_VOR	0	circle	3375
23346	S046.34.40.512 E168.17.32.280	1		3375
23347	S046.33.17.640 E168.11.35.088	2		3375
23348	S046.30.58.500 E168.07.48.180	3		3375
23349	NV_VOR	0	circle	3376
23350	S046.18.48.780 E168.07.21.000	1		3376
23351	S046.22.46.272 E168.04.47.856	2		3376
23352	S046.27.15.984 E168.05.05.136	3		3376
23353	NV_VOR	0	circle	3377
23354	S046.14.44.268 E168.20.33.216	1		3377
23355	S046.16.23.376 E168.26.55.608	2		3377
23356	S046.19.05.592 E168.31.01.092	3		3377
23357	NV_VOR	0	circle	3378
23358	S046.30.32.436 E168.30.47.952	1		3378
23359	S046.26.44.160 E168.33.16.164	2		3378
23360	S046.22.56.568 E168.33.16.920	3		3378
23361	NR_VOR	0	circle	3335
23362	S039.35.06.828 E177.00.08.784	1		3335
23363	S039.36.55.440 E176.55.18.804	2		3335
23364	AKINA	3	triangle	3335
23365	NZPN	0		3379
23366	S041.26.27.240 E173.58.09.660	1		3379
23367	VASLU	2		3379
23368	SEDSI	3		3379
23371	WT04T	0		3383
23372	WT22T	1		3383
23373	OVTAP	2		3383
23378	UGSAP	0	solidtriangle	3386
23379	VETUM	1	maltesecross	3386
23380	WT423	2		3386
23381	NZWT	3		3386
23382	QN05T	0		1489
23383	QN23T	1		1489
23384	S045.00.30.528 E168.47.51.612	2		1489
23385	S044.57.51.264 E168.50.16.620	3		1489
23386	S044.57.27.864 E168.45.24.264	4		1489
23387	QN_VOR	5		1489
23388	AGTAM	6		1489
23389	EPDEX	7		1489
23390	QN23T	0		3389
23391	QN05T	1		3389
23392	ENKUV	2		3389
23393	OLREK	3		3389
23394	TULVU	4		3389
23395	VAPLI	5		3389
23396	IBVUK	6		3389
23397	SUNGU	7		3389
23412	IBABU	0	solidtriangle	2932
23413	QN577	1		2932
23414	QN573	2		2932
23415	QN571	3		2932
23416	QN569	4		2932
23417	QN565	5		2932
23418	MOPGA	6	maltesecross	2932
23419	OMUBO	7		2932
23420	QN555	8		2932
23421	QN550	9		2932
23422	QN545	10		2932
23423	QN05T	11		2932
23424	IBABU	0	solidtriangle	3397
23425	QN577	1		3397
23426	QN573	2		3397
23427	QN571	3		3397
23428	QN569	4		3397
23429	QN565	5		3397
23430	MOPGA	6		3397
23431	OMUBO	7	maltesecross	3397
23432	QN555	8		3397
23433	QN550	9		3397
23434	QN545	10		3397
23435	QN05T	11		3397
23436	ATVUP	0	solidtriangle	3394
23437	QN760	1		3394
23438	QN755	2		3394
23439	LARAV	3	maltesecross	3394
23440	QN745	4		3394
23441	QN741	5		3394
23442	QN735	6		3394
23443	QN731	7		3394
23444	QN725	8		3394
23445	QN23T	9		3394
23446	RIKDI	0		3398
23447	WYTAK	1		3398
23448	OSIVO	2		3398
23449	LENGU	3	triangle	3398
23450	GM01T	0		3409
23451	S042.25.23.340 E171.13.20.136	1		3409
23452	S042.14.24.180 E171.05.06.396	2		3409
23453	DAMIL	3		3409
23454	GM19T	0		3410
23455	GM01T	1		3410
23456	S042.29.14.172 E171.09.27.288	2		3410
23457	HK_NDB	3	circle	3410
23458	GM19T	0		3411
23459	GM01T	1		3411
23460	S042.32.35.088 E171.04.30.432	2		3411
23461	BELEE	3		3411
23462	GM19T	0		3412
23463	GM01T	1		3412
23464	S042.29.49.056 E171.08.25.800	2		3412
23465	S042.29.23.496 E171.06.32.148	3		3412
23466	WS_NDB	4	circle	3412
23467	GM19T	0		3413
23468	GM01T	1		3413
23469	S042.29.49.056 E171.08.25.800	2		3413
23470	S042.31.08.112 E171.00.38.880	3		3413
23471	DAMIL	4		3413
23472	LUNBA	0		3414
23473	OLMUX	1	triangle	3414
23474	LUNBA	0		3419
23475	GUTNI	1		3419
23476	LEKED	2	triangle	3419
23482	MOANA	0		3425
23483	AA501	1		3425
23484	BENKO	2		3425
23534	TB501	0		3449
23535	UDINI	1		3449
23550	TE405	0		3459
23551	TAVIS	1		3459
23596	BOKAL	0		3483
23597	TP501	0		3484
23598	SUDOR	1		3484
23599	REVKO	2		3484
23600	BB_NDB	0	circle	3485
23601	RU_NDB	0	circle	3486
23602	TP502	0		3487
23603	TB504	1		3487
23604	RULOM	2		3487
23605	TP502	0		3488
23606	BAMBI	1		3488
23607	BB_NDB	0	circle	3489
23608	RU_NDB	0	circle	3490
23609	TR501	0		3491
23610	IDUTA	1		3491
23611	TR501	0		3492
23612	UXINO	1		3492
23613	TR501	0		3493
23614	RUPAL	1		3493
23615	TR509	2		3493
23616	BAMBI	3		3493
23617	TR501	0		3494
23618	RUPAL	1		3494
23619	TR509	2		3494
23620	TB503	3		3494
23621	TB504	4		3494
23622	MEKES	5		3494
23623	ONURI	0		3495
23624	ONURI	0		3496
23625	TEANO	1		3496
23626	HHN_VOR	0	circle	3497
23627	BB_NDB	0	circle	3498
23628	MA_NDB	0	circle	3499
23629	TR502	0		3500
23630	TR504	1		3500
23631	SALAN	2		3500
23632	TR502	0		3501
23633	TR508	1		3501
23634	BELBO	2		3501
23635	TR502	0		3502
23636	TR506	1		3502
23637	UBKIM	2		3502
23638	TR502	0		3503
23639	TB504	1		3503
23640	MEREV	2		3503
23641	ONURI	0		3504
23642	ONURI	0		3505
23643	TEANO	1		3505
23644	HHN_VOR	0	circle	3506
23645	BB_NDB	0	circle	3507
23646	MA_NDB	0	circle	3508
23652	ATSOR	0		3525
23653	FA388	0		3537
23654	LAVEK	1		3537
23655	FA388	0		3538
23656	FA471	1		3538
23657	IKENA	2		3538
23658	FA388	0		3539
23659	FA386	1		3539
23660	ALAPI	2		3539
23661	FA388	0		3540
23662	FA386	1		3540
23663	UVUTI	2		3540
23664	FA388	0		3541
23665	FA386	1		3541
23666	ODUMA	2		3541
23667	FA388	0		3542
23668	FALFA	1		3542
23669	PONAT	2		3542
23670	FA388	0		3543
23671	FA386	1		3543
23672	FA413	2		3543
23673	AROXA	3		3543
23674	FA388	0		3544
23675	FA386	1		3544
23676	FA413	2		3544
23677	GOTSO	3		3544
23678	FA512	0		3545
23679	FA733	1		3545
23680	LAVEK	2		3545
23681	FA512	0		3546
23682	IKENA	1		3546
23683	FA512	0		3547
23684	ALAPI	1		3547
23685	FA512	0		3548
23686	UVUTI	1		3548
23687	FA512	0		3549
23688	ODUMA	1		3549
23689	FA512	0		3550
23690	FA616	1		3550
23691	PONAT	2		3550
23692	FA512	0		3551
23693	FA616	1		3551
23694	AROXA	2		3551
23695	FA512	0		3552
23696	FA616	1		3552
23697	GOTSO	2		3552
23698	ADNER	0		3553
23699	ANGOR	0		3561
23702	AROBA	0		3570
23703	KARNO	1		3570
23704	OVINI	2	triangle	3570
23705	ASOKI	0		3571
23706	TAVIS	1		3571
23707	MOANA	2		3571
23708	TAF_VOR	3	circle	3571
23709	OVINI	4	triangle	3571
23710	IDUTA	0		3572
23711	TAF_VOR	1	circle	3572
23712	MOANA	2	triangle	3572
23713	AROBA	0		3573
23714	KARNO	1		3573
23715	OVINI	2		3573
23716	TAF_VOR	3	circle	3573
23717	MOANA	4	triangle	3573
23718	ASOKI	0		3574
23719	TAVIS	1		3574
23720	MOANA	2	triangle	3574
23732	BB_NDB	0	circle	3580
23734	HHN_VOR	0	circle	3582
23736	MA_NDB	0	circle	3584
23737	BAVEK	0		3585
23738	TOSOL	1		3585
23739	ANIVA	2		3585
23740	OPUNA	3	triangle	3585
23741	ANIVA	0		3586
23742	OPUNA	1	triangle	3586
23743	OSPID	0		3593
23744	ANIVA	1		3593
23745	OPUNA	2	triangle	3593
23746	SAKAL	0		3598
23747	NOLAR	1		3598
23748	ANGAI	2	triangle	3598
23749	KARSA	0		3602
23750	NOLAR	1		3602
23751	ANGAI	2	triangle	3602
23752	NOLAR	0		3608
23753	ANGAI	1	triangle	3608
23754	SAMVU	0		3612
23755	SHMPA	1	triangle	3612
23758	PONAT	0		3614
23759	TAFUA	1	triangle	3614
23760	DOROS	0		3615
23761	TAFUA	1	triangle	3615
23762	BIGEK	0		3616
23763	TAFUA	1	triangle	3616
23764	ISDOT	0		3617
23765	TAFUA	1	triangle	3617
23766	LANAT	0		3618
23767	TAFUA	1	triangle	3618
23768	ODUMA	0		3619
23769	TAFUA	1	triangle	3619
23770	UVUTI	0		3620
23771	TAFUA	1	triangle	3620
23772	SAMVU	0		3621
23773	FA812	1		3621
23774	DINAR	2	triangle	3621
23775	LAVEK	0		3622
23776	FA812	1		3622
23777	DINAR	2	triangle	3622
23778	PONAT	0		3623
23779	FA818	1		3623
23780	DINAR	2	triangle	3623
23781	DOROS	0		3624
23782	FA818	1		3624
23783	DINAR	2	triangle	3624
23784	BIGEK	0		3625
23785	FA818	1		3625
23786	DINAR	2	triangle	3625
23787	ISDOT	0		3626
23788	DINAR	1	triangle	3626
23789	LANAT	0		3627
23790	DINAR	1	triangle	3627
23791	ODUMA	0		3628
23792	DINAR	1	triangle	3628
23793	UVUTI	0		3629
23794	DINAR	1	triangle	3629
23795	SAMVU	0		3630
23796	LAVEK	1	triangle	3630
23797	PONAT	0		3631
23798	FALFA	1	triangle	3631
23799	DOROS	0		3632
23800	MAUGA	1	triangle	3632
23801	BIGEK	0		3633
23802	MAUGA	1	triangle	3633
23803	ISDOT	0		3634
23804	MAUGA	1	triangle	3634
23805	LANAT	0		3635
23806	MAUGA	1	triangle	3635
23807	ODUMA	0		3636
23808	MAUGA	1	triangle	3636
23809	UVUTI	0		3637
23810	MAUGA	1	triangle	3637
23811	AGEXO	0		3638
23812	MALKO	1		3638
23813	KILEK	2	triangle	3638
23814	DALDI	0		3639
23815	MOPDU	1		3639
23816	NOPEL	2		3639
23817	KILEK	3	triangle	3639
23818	EKEDI	0		3640
23819	OGITA	1		3640
23820	KILEK	2	triangle	3640
23821	GOBIL	0		3641
23822	KILEK	1	triangle	3641
23823	HOBAT	0		3642
23824	LURGA	1	triangle	3642
23825	IBAKA	0		3643
23826	LEMAS	1	triangle	3643
23827	KETUP	0		3644
23828	KIBIN	1		3644
23829	LEMAS	2	triangle	3644
23830	AGEXO	0		3645
23831	DORNI	1	triangle	3645
23832	DALDI	0		3646
23833	BETLI	1	triangle	3646
23834	EKEDI	0		3647
23835	LEKIS	1		3647
23836	BETLI	2	triangle	3647
23837	GOBIL	0		3648
23838	UGRAP	1		3648
23839	UPTUG	2		3648
23840	BETLI	3	triangle	3648
23841	HOBAT	0		3649
23842	VIDUL	1		3649
23843	OLPER	2	triangle	3649
23844	IBAKA	0		3650
23845	IGEKO	1		3650
23846	OLPER	2	triangle	3650
23847	KETUP	0		3651
23848	OLPER	1	triangle	3651
23849	ST PETERS SCHOOL	0		2355
23850	MYSTERY CREEK	1		2355
23851	HN36R	0		3652
23852	S037.53.25.044 E175.19.24.204	1		3652
23853	S037.52.27.480 E175.15.27.756	2		3652
23854	HN36R	0		3653
23855	S037.53.25.044 E175.19.24.204	1		3653
23856	S037.54.30.060 E175.23.38.544	2		3653
23857	HN18L	0		3654
23858	S037.50.19.932 E175.20.30.516	1		3654
23859	HAUTAPU	2		3654
23860	HN18L	0		3655
23861	S037.50.19.932 E175.20.30.516	1		3655
23862	TEMPLE VIEW	2		3655
23863	ALBAD	0	solidtriangle	2915
23864	NISOM	1	maltesecross	2915
23865	CH02T	2		2915
23866	DIVSU	0	solidtriangle	2925
23867	PEDMI	1	maltesecross	2925
23868	CH20T	2		2925
23869	TOTRA	0	solidtriangle	3026
23870	IGOBA	1	maltesecross	3026
23871	S038.07.30.684 E176.17.38.220	2	solidstar	3026
23872	OKERE	0	triangle	3024
23873	BONLI	1	solidstar	3024
23874	TUSGA	2	maltesecross	3024
23875	RO18T	3		3024
23876	TOTRA	0	triangle	3025
23877	ADKAG	1		3025
23878	SEKBU	2	maltesecross	3025
23879	RO366	3		3025
23880	RO364	4		3025
23881	RO36T	5		3025
23882	IDUTA	0		3569
23883	S017.34.23.124 E210.05.08.376	1		3569
23884	S017.38.23.892 E210.05.59.028	2		3569
23885	S017.42.23.580 E210.07.55.164	3		3569
23886	S017.43.56.676 E210.09.02.952	4		3569
23887	OVINI	5	triangle	3569
23891	KARNO	0	solidtriangle	3656
23892	IAA04	1		3656
23893	FAA04	2	maltesecross	3656
23894	MOANA	0	solidtriangle	3659
23895	FAA22	1	maltesecross	3659
23896	S017.32.35.124 E210.24.29.196	0		3431
23897	ARITI	1		3431
23898	MOANA	0		3429
23899	S017.28.30.288 E210.44.17.052	1		3429
23900	BENKO	2		3429
23901	S017.32.35.124 E210.24.29.196	0		3428
23902	S017.21.01.512 E210.19.47.136	1		3428
23903	IKELO	2		3428
23904	S017.32.35.124 E210.24.29.196	0		3424
23905	AA505	1		3424
23906	IKELO	2		3424
23907	S017.32.35.124 E210.24.29.196	0		3432
23908	BOBIX	1		3432
23909	MOSMA	2		3432
23910	S017.28.50.304 E210.43.20.352	0		3430
23911	MOANA	1		3430
23912	S017.32.35.124 E210.24.29.196	2		3430
23913	S017.27.34.668 E210.49.31.872	3		3430
23914	S017.33.01.656 E210.50.04.992	4		3430
23915	PASTI	5		3430
23916	S017.32.35.124 E210.24.29.196	0		3426
23917	MOANA	1		3426
23918	AA501	2		3426
23919	PASTI	3		3426
23920	S017.32.35.124 E210.24.29.196	0		3427
23921	VAITE	1		3427
23922	S017.32.35.124 E210.24.29.196	0		3423
23923	AA503	1		3423
23924	VAITE	2		3423
23925	S017.33.51.444 E210.22.39.612	0		3437
23926	ARITI	1		3437
23927	S017.33.51.444 E210.22.39.612	0		3442
23928	BEBIG	1		3442
23929	S017.41.15.504 E210.21.34.524	2		3442
23930	AA506	0		3436
23931	AA508	1		3436
23932	ONIDO	2		3436
23933	BEBIG	3		3436
23934	S017.33.51.444 E210.22.39.612	0		3440
23935	IKELO	1		3440
23936	S017.14.47.328 E210.25.01.380	2		3440
23937	AA502	0		3434
23938	AA505	1		3434
23939	IKELO	2		3434
23940	S017.33.51.444 E210.22.39.612	0		3438
23941	BOBIX	1		3438
23942	MOSMA	2		3438
23943	ONIDO	0		3441
23944	S017.33.51.444 E210.22.39.612	1		3441
23945	S017.35.17.160 E210.20.36.276	2		3441
23946	S017.41.37.608 E210.21.22.608	3		3441
23947	ONIDO	4		3441
23948	AA506	0		3435
23949	AA508	1		3435
23950	ONIDO	2		3435
23951	S017.41.37.608 E210.21.22.608	0		3439
23952	S017.26.20.004 E210.18.53.856	1		3439
23953	VAITE	2		3439
23954	AA502	0		3433
23955	AA503	1		3433
23956	VAITE	2		3433
23957	ADKUP	0	solidtriangle	3662
23958	FAM07	1	maltesecross	3662
23959	MALYC	0	solidtriangle	3663
23960	FAM25	1	maltesecross	3663
23970	RISKI	0	solidtriangle	3669
23971	AR402	1	maltesecross	3669
23972	AR404	2		3669
23973	REKEK	0	solidtriangle	3666
23974	AR401	1	maltesecross	3666
23975	AR403	2		3666
23976	IKOVA	0	solidtriangle	3671
23977	AT401	1	maltesecross	3671
23978	IDOPI	0	solidtriangle	3674
23979	AT402	1	maltesecross	3674
23980	VORSY	0	solidtriangle	3677
23981	AV401	1	maltesecross	3677
23982	VETAL	0	solidtriangle	3680
23983	AV402	1	maltesecross	3680
23984	TASOV	0	solidtriangle	3683
23985	FGB07	1	maltesecross	3683
23986	TEBED	0	solidtriangle	3686
23987	FGB25	1	maltesecross	3686
23988	KEVOL	0	solidtriangle	3689
23989	GC401	1	maltesecross	3689
23990	VIBOX	0	solidtriangle	3693
23991	FGF05	1	maltesecross	3693
23992	VEXUS	0	solidtriangle	3696
23993	FGF23	1	maltesecross	3696
23994	ARIVA	0	solidtriangle	3699
23995	GI401	1	maltesecross	3699
23996	MINIT	0	solidtriangle	3702
23997	GI402	1	maltesecross	3702
23998	KAMVO	0	solidtriangle	3705
23999	FGJ12	1	maltesecross	3705
24000	MANVU	0	solidtriangle	3707
24001	FGJ30	1	maltesecross	3707
24002	AKARI	0	solidtriangle	3710
24003	GM401	1	maltesecross	3710
24004	IBUKI	0	solidtriangle	3713
24005	GM402	1	maltesecross	3713
24006	DUMEK	0	solidtriangle	3716
24007	FGY18	1	maltesecross	3716
24008	MAGIX	0	solidtriangle	3719
24009	FGY36	1	maltesecross	3719
24010	FITYO	0	solidtriangle	3722
24011	FKO16	1	maltesecross	3722
24012	IKONU	0	solidtriangle	3725
24013	FKO34	1	maltesecross	3725
24014	IDIKA	0	solidtriangle	3728
24015	FKR07	1	maltesecross	3728
24016	DADAX	0	solidtriangle	3731
24017	FKR25	1	maltesecross	3731
24018	LIBKU	0	solidtriangle	3734
24019	FKU14	1	maltesecross	3734
24020	ROBMU	0	solidtriangle	3737
24021	FKU32	1	maltesecross	3737
24022	NODIL	0	solidtriangle	3740
24023	FMD06	1	maltesecross	3740
24024	NISAK	0	solidtriangle	3744
24025	FMD24	1	maltesecross	3744
24026	IMN02	0	solidtriangle	3747
24027	FMN02	1	maltesecross	3747
24028	IMN20	0	solidtriangle	3750
24029	FMN20	1	maltesecross	3750
24036	RAN_VOR	0	circle	3753
24037	BIBUS	1		3753
24038	BB_NDB	2	circle	3753
24039	MA_NDB	0	circle	3754
24040	MALBO	1		3754
24041	BB_NDB	2	circle	3754
24042	HHN_VOR	0	circle	3755
24043	OSPOD	1		3755
24044	RU_NDB	2	circle	3755
24045	BB_NDB	3	circle	3755
24046	BOKAL	0	solidtriangle	3756
24047	FTB11	1	maltesecross	3756
24048	BELBO	0	solidtriangle	3759
24049	FTB29	1	maltesecross	3759
24050	S016.27.34.524 E208.16.16.896	0		3444
24051	HHN_VOR	1	circle	3444
24052	S016.27.34.524 E208.16.16.896	0		3445
24053	S016.26.21.732 E208.11.30.804	1		3445
24054	MA_NDB	2	circle	3445
24055	S016.27.34.524 E208.16.16.896	0		3446
24056	TB501	1		3446
24057	TB503	2		3446
24058	TB504	3		3446
24059	MEKES	4		3446
24060	S016.27.34.524 E208.16.16.896	0		3447
24061	ROBNA	1		3447
24062	S016.27.34.524 E208.16.16.896	0		3443
24063	S016.28.29.820 E208.18.08.964	1		3443
24064	S016.31.06.420 E208.19.38.388	2		3443
24065	RU_NDB	3	circle	3443
24066	S016.27.34.524 E208.16.16.896	0		3450
24067	TB501	1		3450
24068	TB503	2		3450
24069	RUTIX	3		3450
24070	S016.27.34.524 E208.16.16.896	0		3448
24071	TB501	1		3448
24072	TB503	2		3448
24073	TB504	3		3448
24074	SUDOR	4		3448
24080	S016.25.44.580 E208.13.33.600	0		3762
24081	S016.25.18.804 E208.13.49.404	1		3762
24082	S016.27.42.840 E208.18.56.808	2		3762
24083	HHN_VOR	3	circle	3762
24084	S016.25.44.580 E208.13.33.600	0		3454
24085	MA_NDB	1	circle	3454
24086	S016.25.44.580 E208.13.33.600	0		3451
24087	MANAX	1		3451
24088	S016.25.44.580 E208.13.33.600	0		3455
24089	RELAK	1		3455
24090	S016.25.44.580 E208.13.33.600	0		3452
24091	S016.25.18.804 E208.13.49.404	1		3452
24092	BB_NDB	2	circle	3452
24093	RU_NDB	3	circle	3452
24094	S016.25.44.580 E208.13.33.600	0		3458
24095	TB504	1		3458
24096	RULOM	2	circle	3458
24097	S016.25.44.580 E208.13.33.600	0		3456
24098	TB504	1		3456
24099	SUDOR	2		3456
24100	S016.25.44.580 E208.13.33.600	0		3457
24101	TB502	1		3457
24102	UDOLO	2		3457
24103	UBKIM	3		3457
24109	S017.01.22.152 E210.22.50.160	0		3460
24110	TE404	1		3460
24111	TE405	2		3460
24112	TAVIS	3		3460
24116	GUMTI	0	solidtriangle	3766
24117	TG401	1	maltesecross	3766
24118	TG404	0	solidtriangle	3769
24119	TG402	1	maltesecross	3769
24120	BB_NDB	0	circle	3773
24121	HHN_VOR	1	circle	3773
24122	RU_NDB	0	circle	3774
24123	HHN_VOR	1	circle	3774
24124	VAITE	0		3775
24125	HHN_VOR	1	circle	3775
24126	UXINO	0	solidtriangle	3776
24127	FTH07	1	maltesecross	3776
24128	MTH07	2		3776
24129	NIVAL	0	solidtriangle	3779
24130	FTH25	1	maltesecross	3779
24131	S016.40.56.388 E209.00.20.052	0		3463
24132	S016.40.26.400 E209.00.20.808	1		3463
24133	RUPAL	2		3463
24134	BAMBI	3		3463
24135	S016.40.56.388 E209.00.20.052	0		3464
24136	S016.40.26.400 E209.00.20.808	1		3464
24137	BB_NDB	2	circle	3464
24138	S016.40.56.388 E209.00.20.052	0		3461
24139	TH501	1		3461
24140	IDUTA	2		3461
24141	S016.40.56.388 E209.00.20.052	0		3465
24142	TH501	1		3465
24143	S016.45.32.328 E209.05.27.168	2		3465
24144	ORAMA	3		3465
24145	IDUTA	4		3465
24146	S016.40.56.388 E209.00.20.052	0		3467
24147	S016.40.26.400 E209.00.20.808	1		3467
24148	RU_NDB	2	circle	3467
24149	S016.40.56.388 E209.00.20.052	0		3462
24150	S016.40.26.400 E209.00.20.808	1		3462
24151	TH503	2		3462
24152	RULOM	3		3462
24153	S016.40.56.388 E209.00.20.052	0		3466
24154	TH501	1		3466
24155	ORAMA	2		3466
24156	TEANO	3		3466
24157	S016.41.30.408 E208.57.03.672	0		3470
24158	UDOLO	1		3470
24159	BATOP	2		3470
24160	S016.41.30.408 E208.57.03.672	0		3471
24161	S016.39.46.296 E208.55.27.588	1		3471
24162	BB_NDB	2	circle	3471
24163	S016.41.30.408 E208.57.03.672	0		3468
24164	TH502	1		3468
24165	TH504	2		3468
24166	IDUTA	3		3468
24172	S016.41.30.408 E208.57.03.672	0		3469
24173	TH502	1		3469
24174	REVRI	2		3469
24175	S016.41.30.408 E208.57.03.672	0		3474
24176	RU_NDB	1	circle	3474
24177	S016.41.30.408 E208.57.03.672	0		3473
24178	S016.41.42.468 E208.54.10.584	1		3473
24179	S016.39.28.692 E208.54.24.516	2		3473
24180	ORAMA	3		3473
24181	TEANO	4		3473
24182	S016.41.30.408 E208.57.03.672	0		3472
24183	S016.41.42.468 E208.54.10.584	1		3472
24184	S016.39.28.692 E208.54.24.516	2		3472
24185	HHN_VOR	3	circle	3472
24186	ORAMA	4		3472
24187	TO403	0	solidtriangle	3783
24188	TO401	1	maltesecross	3783
24189	TO404	0	solidtriangle	3787
24190	TO402	1	maltesecross	3787
24191	MOXUL	0	triangle	3791
24192	TP401	1	maltesecross	3791
24193	MANAX	0	triangle	3794
24194	TP402	1	maltesecross	3794
24195	TP404	2		3794
24196	S017.30.33.264 E210.15.32.148	0		3475
24197	S017.23.53.232 E210.17.21.048	1		3475
24198	IKELO	2		3475
24199	S017.30.33.264 E210.15.32.148	0		3477
24200	ATANU	1		3477
24201	TM502	2		3477
24202	KARNO	3		3477
24203	S017.30.33.264 E210.15.32.148	0		3478
24204	BOBIX	1		3478
24205	TORAL	2		3478
24206	SALUT	3		3478
24207	S017.30.33.264 E210.15.32.148	0		3476
24208	S017.21.37.368 E210.15.01.548	1		3476
24209	VAITE	2		3476
24210	S017.28.12.864 E210.13.02.496	0		3479
24211	S017.25.26.040 E210.16.02.244	1		3479
24212	IKELO	2		3479
24213	S017.28.12.864 E210.13.02.496	0		3481
24214	TM501	1		3481
24215	ATANU	2		3481
24216	TM502	3		3481
24217	KARNO	4		3481
24218	S017.28.12.864 E210.13.02.496	0		3482
24219	TM501	1		3482
24220	BOBIX	2		3482
24221	TORAL	3		3482
24222	SALUT	4		3482
24223	S017.28.12.864 E210.13.02.496	0		3480
24224	S017.21.08.028 E210.14.35.988	1		3480
24225	VAITE	2		3480
24226	MORNI	0	solidtriangle	3798
24227	FTM12	1	maltesecross	3798
24228	MTM12	2		3798
24229	BB_NDB	0	circle	3579
24230	RU_NDB	1	circle	3579
24231	HHN_VOR	0	circle	3581
24232	RU_NDB	1	circle	3581
24233	MA_NDB	0	circle	3583
24234	MEREV	1		3583
24235	RU_NDB	2	circle	3583
24236	REVKO	0	solidtriangle	3800
24237	FTR07	1	maltesecross	3800
24238	MTR07	2		3800
24239	REVRI	0	solidtriangle	3803
24240	FTR25	1	maltesecross	3803
24241	MTR25	2		3803
24242	LURGA	0	solidtriangle	3805
24243	TF762	1	maltesecross	3805
24244	DORNI	0	solidtriangle	3808
24245	TF982	1	maltesecross	3808
24246	POSUS	0	solidtriangle	3811
24247	TP689	1	maltesecross	3811
24248	SEKDA	0	solidtriangle	3814
24249	TL546	1	maltesecross	3814
24250	AVNOX	0	solidtriangle	3817
24251	TL837	1	maltesecross	3817
24252	ORION	0	solidtriangle	3820
24253	FF303	1	maltesecross	3820
24254	MA303	2		3820
24255	EKVUK	0	solidtriangle	3823
24256	TV843	1	maltesecross	3823
24257	DOXUS	0	solidtriangle	3826
24258	TV683	1	maltesecross	3826
24261	GUGAG	0	solidtriangle	3832
24262	UE928	1	maltesecross	3832
24263	MEGUD	0	solidtriangle	3829
24264	UE901	1	maltesecross	3829
24268	LAVEK	0		3613
24269	SHMPA	1	triangle	3613
24270	LAVEK	0		3835
24271	FA_VOR	1	circle	3835
24272	PONAT	0		3836
24273	FA_VOR	1	circle	3836
24274	FALFA	0	solidtriangle	3837
24275	FA515	1	maltesecross	3837
24276	DINAR	0	solidtriangle	3840
24277	FA406	1	maltesecross	3840
24278	MAPTA	0	triangle	3843
24279	IBIMA	1	solidtriangle	3843
24280	MA401	2	maltesecross	3843
24281	MA602	3		3843
24282	GRUPY	0	solidtriangle	3844
24283	BLUJA	1	maltesecross	3844
24284	CAXEB	2		3844
24285	HOPID	3		3844
24286	HUMTU	0	solidtriangle	3846
24287	NOTSE	1	maltesecross	3846
24288	WUTEB	2		3846
24289	S021.12.09.648 E200.13.08.148	0		3524
24290	DAMIX	1		3524
24291	BAVEK	2		3524
24292	S021.12.09.648 E200.13.08.148	0		3520
24293	DAMIX	1		3520
24294	S021.11.59.460 E200.18.15.876	2		3520
24295	BELIT	3		3520
24296	S021.12.09.648 E200.13.08.148	0		3509
24297	TOKET	1		3509
24298	OPUNA	0	solidtriangle	3848
24299	RG401	1	maltesecross	3848
24300	OPUNA	0	solidtriangle	3851
24301	RG401	1	maltesecross	3851
24302	RG403	2		3851
24303	OPUNA	0	solidtriangle	3854
24304	ADLIS	1	maltesecross	3854
24305	ANGAI	0	solidtriangle	3857
24306	RG407	1	maltesecross	3857
24307	ANGAI	0	solidtriangle	3860
24308	PEXIS	1	maltesecross	3860
24309	TAMEV	0	solidtriangle	3863
24310	PY405	1	maltesecross	3863
24311	SAPAS	0	solidtriangle	3867
24312	PK401	1	maltesecross	3867
24313	TANOU	0	solidtriangle	3870
24314	MR934	1	maltesecross	3870
24315	MEKUX	0	solidtriangle	3873
24316	MK934	1	maltesecross	3873
24317	TUMPI	0	solidtriangle	3876
24318	MG934	1	maltesecross	3876
24319	BUNTU	0	solidtriangle	3879
24320	MH401	1	maltesecross	3879
24321	LEBEN	0	solidtriangle	3882
24322	MH501	1	maltesecross	3882
24323	RUKDU	0	solidtriangle	3885
24324	CI452	1	maltesecross	3885
24325	MAVGI	0	solidtriangle	3888
24326	CI704	1	maltesecross	3888
24327	HHN_VOR	0	circle	3752
24328	ATALA	1		3752
24329	BB_NDB	2	circle	3752
24330	ARITI	0	solidtriangle	3797
24331	TE401	1		3797
24332	TE402	2	maltesecross	3797
24333	TE403	3		3797
