16148	ADKOS	0		1479
16149	BEVKO	1		1479
16150	IGNET	2		1479
16151	LIBLA	0		1480
16152	AKBOB	1		1480
16153	DULIG	2		1480
16154	DOVOT	0		1481
16155	POPON	1		1481
16156	DOVOT	0		1485
16157	POPON	1		1485
16158	LIBLA	0		1486
16159	AKBOB	1		1486
16160	DULIG	2		1486
16161	ADKOS	0		1487
16162	BEVKO	1		1487
16163	IGNET	2		1487
16164	AKMAD	0		1490
16165	NONAN	1		1490
16166	SAVLA	2		1490
16171	ATVOR	0		1491
16172	TIMJO	1		1491
16173	ENRAT	0		1493
16174	ADKOS	1		1493
16175	BIKOS	0		1494
16176	LIBLA	1		1494
16177	BASOS	0		1496
16178	ADLUP	1		1496
16179	AKMAD	0		1498
16180	NONAN	1		1498
16181	SAVLA	2		1498
16182	ATVOR	0		1499
16183	TIMJO	1		1499
16184	ENRAT	0		1501
16185	ADKOS	1		1501
16186	BIKOS	0		1502
16187	LIBLA	1		1502
16188	EPDEX	0		1504
16189	ATVOR	1		1504
16190	TIMJO	2		1504
16191	AKMAD	0		1505
16192	NONAN	1		1505
16193	SAVLA	2		1505
16200	BASOS	0		1510
16201	ADLUP	1		1510
16202	BASOS	0		1512
16203	ADLUP	1		1512
16206	AKMAD	0		1516
16207	NONAN	1		1516
16208	SAVLA	2		1516
16209	EPDEX	0		1517
16210	ATVOR	1		1517
16211	TIMJO	2		1517
16212	AKMAD	0		1524
16213	NONAN	1		1524
16214	SAVLA	2		1524
16215	ATVOR	0		1525
16216	TIMJO	1		1525
16217	AKMAD	0		1527
16218	NONAN	1		1527
16219	SAVLA	2		1527
16220	ATVOR	0		1528
16221	TIMJO	1		1528
16222	ENRAT	0		1530
16223	ADKOS	1		1530
16224	BIKOS	0		1531
16225	LIBLA	1		1531
16226	ENRAT	0		1533
16227	ADKOS	1		1533
16228	BIKOS	0		1534
16229	LIBLA	1		1534
16258	KK_NDB	0	circle	1575
16259	SF_NDB	1	circle	1575
16260	PERAS	0		1576
16261	PERAS	0		1578
16262	KK_NDB	0	circle	1579
16263	SF_NDB	1	circle	1579
16264	LUNBI	0		1581
16265	PEBLU	0		1582
16266	VELMO	0		1583
16267	SALAG	0		1585
16268	UPLAR	0		1586
16269	ELNOS	0		1587
16270	LUNBI	0		1589
16271	PEBLU	0		1590
16272	VELMO	0		1591
16273	UPLAR	0		1593
16274	SALAG	0		1594
16275	ELNOS	0		1595
16276	DUGAN	0		1596
16277	UPLAR	0		1598
16278	SALAG	0		1599
16279	ELNOS	0		1600
16280	LUNBI	0		1602
16281	PEBLU	0		1603
16282	VELMO	0		1604
16283	LUNBI	0		1606
16284	PEBLU	0		1607
16285	VELMO	0		1608
16286	ELNOS	0		1610
16287	PEBLU	0		1611
16288	VELMO	0		1612
16289	ELNOS	0		1614
16290	SALAG	0		1615
16291	UPLAR	0		1616
16292	HN_VOR	0	circle	1622
16293	HN_VOR	0	circle	1626
16294	HN_VOR	0	circle	1633
16295	AKLOM	0		1644
16296	OLBEX	0		1646
16297	DUGAN	0		1648
16298	KALAG	0		1649
16299	AGREX	0		1650
16300	TARIB	0		1651
16301	SELKA	0		1652
16302	OKTUB	1		1652
16303	AGEDU	0		1653
16304	OKTUB	1		1653
16305	IDSEM	0		1654
16306	OKTUB	1		1654
16307	DABAS	0		1655
16308	OKTUB	1		1655
16309	KALAG	0		1657
16310	AGREX	0		1658
16311	TARIB	0		1659
16312	SELKA	0		1660
16313	OKTUB	1		1660
16314	AGEDU	0		1661
16315	OKTUB	1		1661
16316	IDSEM	0		1662
16317	OKTUB	1		1662
16318	DABAS	0		1663
16319	OKTUB	1		1663
16320	AKLOM	0		1664
16321	OLBEX	0		1665
16322	KALAG	0		1667
16323	AGREX	0		1668
16324	TARIB	0		1669
16325	SELKA	0		1670
16326	OKTUB	1		1670
16327	AGEDU	0		1671
16328	OKTUB	1		1671
16329	IDSEM	0		1672
16330	OKTUB	1		1672
16331	DABAS	0		1673
16332	OKTUB	1		1673
16333	AKLOM	0		1674
16334	OLBEX	0		1675
16335	PEBLU	0		1677
16336	VELMO	0		1678
16337	PERAS	0		1680
16338	KK_NDB	0	circle	1681
16339	SF_NDB	0	circle	1682
16340	PERAS	0		1684
16341	KK_NDB	0	circle	1685
16342	SF_NDB	0	circle	1686
16372	AGEDU	0		1722
16373	DABAS	0		1724
16374	AKLOM	0		1725
16375	OLBEX	0		1726
16384	KALAG	0		1739
16385	TARIB	0		1741
16386	SELKA	0		1742
16387	WYTAK	0		1745
16388	WP_VOR	1	circle	1745
16389	ENSAX	0		1746
16390	IPDIN	1		1746
16391	NUTRA	2		1746
16392	GULED	0		1748
16393	OSAKU	1		1748
16394	LAKES	2		1748
16395	TULMI	3		1748
16396	GULED	0		1749
16397	OSAKU	1		1749
16398	LAKES	2		1749
16399	KAPAI	0		1750
16400	KAPAI	0		1751
16401	KARRL	1		1751
16402	KALAG	0		1753
16403	AGREX	0		1754
16404	TARIB	0		1755
16405	SELKA	0		1756
16406	BATOS	0		1758
16407	TAPAT	1		1758
16408	UPLAR	2		1758
16411	PEBLU	0		1760
16412	POSUX	0		1761
16413	VELMO	1		1761
16414	POSUX	0		1762
16415	GULUT	1		1762
16420	LESDI	0		1767
16421	PEBLU	1		1767
16422	LESDI	0		1768
16423	VELMO	1		1768
16424	IPDIN	0		1769
16425	NUTRA	1		1769
16426	KAPAI	0		1770
16427	LIMES	0		1771
16428	KARRL	1		1771
16429	IPDIN	0		1773
16430	NUTRA	1		1773
16431	KAPAI	0		1774
16432	LIMES	0		1775
16433	KARRL	1		1775
16434	LAKES	0		1776
16435	TULMI	0		1777
16436	AGEDU	0		1779
16437	IDSEM	0		1780
16438	DABAS	0		1781
16439	AKLOM	0		1782
16440	OLBEX	0		1783
16441	IPDIN	0		1785
16442	NUTRA	1		1785
16443	LIMES	0		1786
16444	KARRL	1		1786
16445	LAMOG	0		1787
16446	ONISU	1		1787
16447	OVSIT	2		1787
16448	LAKES	3		1787
16449	LAMOG	0		1788
16450	ONISU	1		1788
16451	OVSIT	2		1788
16452	TULMI	3		1788
16457	PEBLU	0		1809
16458	VELMO	0		1810
16459	GULUT	0		1811
16460	PUHOI	0		1813
16461	KAWAU	0		1814
16462	BOVRU	0		1815
16463	TAPAT	0		1817
16464	UPLAR	1		1817
16465	BOGUN	0		1818
16466	MADEP	1		1818
16467	DADLA	0		1820
16468	SALAG	1		1820
16469	ELNOS	0		1821
16470	DUGAN	0		1822
16471	KAPAI	0		1825
16472	LIMES	0		1826
16473	KARRL	1		1826
16474	KAPAI	0		1828
16475	LIMES	0		1829
16476	KARRL	1		1829
16477	LAKES	0		1830
16478	KYPRA	0		1833
16479	KOPPA	0		1834
16480	WP_VOR	0	circle	1835
16481	OTATA	0		1836
16482	BOVRU	0		1837
16483	ELNOS	0		1840
16484	DUGAN	0		1841
16485	DALKI	0		1850
16486	MUKRA	0		1852
16487	KUNVO	0		1853
16488	DALKI	0		1856
16489	CONOR	0		1865
16490	NESTA	0		1866
16491	BISEB	1		1866
16492	NESTA	0		1867
16493	DUGUP	0		1870
16494	BIVER	0		1871
16495	PIPIG	0		1872
16496	SNAPA	1		1872
16497	SNAPA	0		1875
16498	SEBGI	0		1876
16499	DALKI	1		1876
16500	VANDA	0		1894
16501	KABKA	0		1895
16502	VANDA	0		1897
16503	KABKA	0		1898
16504	VANDA	0		1902
16505	KABKA	0		1903
16506	KABKA	0		1905
16507	VANDA	0		1906
16508	KABKA	0		1908
16509	VANDA	0		1909
16510	KABKA	0		1911
16511	NURNI	1		1911
16512	SAVKU	2		1911
16513	AVOCA	0		1912
16514	SAVKU	1		1912
16515	IGEGA	0		1913
16516	PEAKS	0		1914
16517	VANDA	0		1932
16518	POROS	1		1932
16519	REBUR	2		1932
16520	MOLGI	0		1933
16521	POROS	1		1933
16522	REBUR	2		1933
16523	ELDAK	0		1934
16524	LADIS	0		1935
16525	LALAP	0		1950
16526	CH789	1		1950
16527	LALAP	0		1953
16528	CH789	1		1953
16529	LALAP	0		1962
16530	CH789	1		1962
16531	GUPUT	0		1966
16532	ELDAK	0		1967
16533	IDARA	0		1968
16534	PEHRR	0		1969
16535	ABAXO	0		1971
16536	MOLGI	1		1971
16537	ABAXO	0		1972
16538	KABIN	1		1972
16539	AVOCA	0		1973
16540	VETEV	0		1974
16541	KABKA	1		1974
16542	VETEV	0		1975
16543	VANDA	1		1975
16544	KIDAL	0		1976
16545	PORAM	0		1978
16546	GLENN	0		1979
16547	ODOWD	0		1980
16548	GRETA	0		1981
16549	REPAP	0		1982
16550	CH789	1		1982
16551	LALAP	2		1982
16552	PORAM	0		1984
16553	GLENN	0		1985
16554	ODOWD	0		1986
16555	GRETA	0		1987
16556	CH789	0		1989
16557	LALAP	1		1989
16558	ABAXO	0		1991
16559	MOLGI	1		1991
16560	ABAXO	0		1992
16561	KABIN	1		1992
16562	ABAXO	0		1993
16563	VANDA	1		1993
16564	AVOCA	0		1994
16565	VETEV	0		1995
16566	KABKA	1		1995
16567	KIDAL	0		1996
16568	ABAXO	0		1998
16569	MOLGI	1		1998
16570	ABAXO	0		1999
16571	KABIN	1		1999
16572	VETEV	0		2000
16573	KABKA	1		2000
16574	AVOCA	0		2001
16575	KIDAL	0		2002
16576	GUPUT	0		2004
16577	ELDAK	0		2005
16578	IDARA	0		2006
16579	PEHRR	0		2007
16580	GUPUT	0		2010
16581	ELDAK	0		2011
16582	MAGLA	0		2012
16583	IDARA	1		2012
16584	MAGLA	0		2013
16585	PEHRR	1		2013
16586	PORAM	0		2015
16587	GLENN	0		2016
16588	ODOWD	0		2017
16589	GRETA	0		2018
16590	REPAP	0		2019
16591	CH789	1		2019
16592	LALAP	2		2019
16593	OTOKO	0		2078
16594	EWOOD	0		2079
16595	CREEK	0		2080
16596	MABRI	0		2081
16597	ELMER	1		2081
16598	HAWKE	0		2082
16599	COOKS	0		2083
16600	COOKS	0		2085
16601	HAWKE	0		2086
16602	ELMER	0		2087
16603	ADLIB	0		2088
16604	CREEK	1		2088
16605	ADLIB	0		2089
16606	EWOOD	1		2089
16607	WARIK	2		2089
16608	ADLIB	0		2090
16609	EWOOD	1		2090
16610	OTOKO	2		2090
16611	GULUT	0		2100
16612	TANEN	0		2101
16613	GOPLU	0		2102
16614	GULUT	0		2108
16615	TANEN	0		2109
16616	GOPLU	0		2110
16617	GULUT	0		2115
16618	TANEN	0		2116
16619	GOPLU	0		2117
16620	GULUT	0		2122
16621	TANEN	0		2123
16622	GOPLU	0		2124
16623	GULUT	0		2131
16624	TANEN	0		2132
16625	GOPLU	0		2133
16626	KABKA	0		2134
16627	VANDA	0		2135
16628	OGAMI	0		2137
16629	NIMOS	1		2137
16630	OGAMI	0		2138
16631	RUSIL	1		2138
16632	AGSOP	0		2139
16633	ENRED	1		2139
16634	NULKO	2		2139
16635	BAXOV	0		2140
16636	AVPOD	1		2140
16654	NIMOS	0		2153
16655	RUSIL	0		2154
16656	OSALA	0		2155
16657	PP_NDB	1	circle	2155
16658	OSALA	0		2156
16659	KAPTI	1		2156
16660	OSALA	0		2157
16661	KAMET	1		2157
16662	S041.29.39.000 E174.57.46.000	0		2159
16663	ATSUN	1		2159
16664	MELAD	0		2161
16665	PP_NDB	1	circle	2161
16666	MELAD	0		2162
16667	KAPTI	1		2162
16668	MELAD	0		2163
16669	KAMET	1		2163
16670	PAPSI	0		2164
16671	SABDA	1		2164
16672	PAPSI	0		2165
16673	KAMDO	1		2165
16674	ATSUN	0		2166
16675	DAPVA	0		2168
16676	IGMUL	1		2168
16677	ISLUG	0		2169
16678	TAKMI	1		2169
16679	LUBSI	2		2169
16680	SABDA	0		2170
16681	S041.08.48.000 E174.46.20.000	0		2172
16682	S041.10.26.000 E174.43.40.000	1		2172
16683	LAROX	2		2172
16684	JONAH	3		2172
16685	SABDA	4		2172
16686	S041.08.48.000 E174.46.20.000	0		2173
16687	S041.10.26.000 E174.43.40.000	1		2173
16688	LAROX	2		2173
16689	JONAH	3		2173
16690	KAMDO	4		2173
16691	OMLAS	0		2174
16692	ATRIM	1		2174
16693	DOVUL	2		2174
16694	GULUT	3		2174
16695	OMLAS	0		2175
16696	ATRIM	1		2175
16697	DOVUL	2		2175
16698	TANEN	3		2175
16699	OMLAS	0		2176
16700	ATRIM	1		2176
16701	DOVUL	2		2176
16702	GOPLU	3		2176
16703	OMLAS	0		2177
16704	ATRIM	1		2177
16705	DOVUL	2		2177
16706	KABKA	3		2177
16707	OMLAS	0		2178
16708	ATRIM	1		2178
16709	DOVUL	2		2178
16710	VANDA	3		2178
16711	NIMOS	0		2179
16712	RUSIL	0		2180
16713	KAMET	0		2181
16714	S041.08.48.000 E174.46.20.000	0		2183
16715	S041.10.26.000 E174.43.40.000	1		2183
16716	LAROX	2		2183
16717	JONAH	3		2183
16718	SABDA	4		2183
16719	S041.08.48.000 E174.46.20.000	0		2184
16720	S041.10.26.000 E174.43.40.000	1		2184
16721	LAROX	2		2184
16722	JONAH	3		2184
16723	KAMDO	4		2184
16724	S041.08.48.000 E174.46.20.000	0		2185
16725	OMLAS	1		2185
16726	ATRIM	2		2185
16727	DOVUL	3		2185
16728	GULUT	4		2185
16729	S041.08.48.000 E174.46.20.000	0		2186
16730	OMLAS	1		2186
16731	ATRIM	2		2186
16732	DOVUL	3		2186
16733	TANEN	4		2186
16734	S041.08.48.000 E174.46.20.000	0		2187
16735	OMLAS	1		2187
16736	ATRIM	2		2187
16737	DOVUL	3		2187
16738	GOPLU	4		2187
16739	S041.08.48.000 E174.46.20.000	0		2188
16740	OMLAS	1		2188
16741	ATRIM	2		2188
16742	DOVUL	3		2188
16743	KABKA	4		2188
16744	S041.08.48.000 E174.46.20.000	0		2189
16745	OMLAS	1		2189
16746	ATRIM	2		2189
16747	DOVUL	3		2189
16748	VANDA	4		2189
16749	NIMOS	0		2190
16750	RUSIL	0		2191
16751	KAMET	0		2192
16752	SABDA	0		2194
16753	KAMDO	0		2195
16754	S041.29.30.000 E174.44.21.000	0		2196
16755	S041.27.40.000 E174.42.49.000	1		2196
16756	BAXAN	2		2196
16757	RUSIL	3		2196
16758	S041.29.30.000 E174.44.21.000	0		2197
16759	S041.27.40.000 E174.42.49.000	1		2197
16760	BAXAN	2		2197
16761	KAMET	3		2197
16762	POKOM	0		2214
16763	DADUK	0		2215
16764	BOLOG	1		2215
16765	EKASO	2		2215
16766	DABKA	0		2216
16767	BOLOG	1		2216
16768	EKASO	2		2216
16769	POKOM	0		2219
16770	DADUK	0		2220
16771	BOLOG	1		2220
16772	EKASO	2		2220
16773	DABKA	0		2221
16774	BOLOG	1		2221
16775	EKASO	2		2221
16776	DADUK	0		2224
16777	DABKA	0		2225
16778	TAYLA	0		2227
16779	CHESE	1		2227
16780	ATPUL	0		2228
16781	CHESE	1		2228
16782	LAKES	0		2229
16783	POKOM	0		2230
16784	DADUK	0		2232
16785	DABKA	0		2233
16786	TAYLA	0		2235
16787	CHESE	1		2235
16788	ATPUL	0		2236
16789	CHESE	1		2236
16790	LAKES	0		2237
16791	POKOM	0		2238
16792	HN_VOR	0	circle	2244
16793	OLDON	0		2245
16794	GODOK	0		2246
16795	HN_VOR	0	circle	2250
16796	OLDON	0		2251
16797	GODOK	0		2252
16798	HN_VOR	0	circle	2254
16799	GODOK	0		2255
16800	DROPT	0		2256
16801	PASSE	1		2256
16802	KEVID	2		2256
16803	KARBA	0		2257
16804	PASSE	1		2257
16805	KEVID	2		2257
16806	DROPT	0		2260
16807	PASSE	1		2260
16808	KEVID	2		2260
16809	KARBA	0		2261
16810	PASSE	1		2261
16811	KEVID	2		2261
16812	HN_VOR	0	circle	2262
16813	GODOK	0		2263
16814	SKEPY	0		2266
16815	ATPUL	0		2267
16816	OLDON	0		2269
16817	GODOK	0		2270
16818	KAPLO	0		2271
16819	MIKER	1		2271
16820	KAPLO	0		2272
16821	SAPEG	1		2272
16822	BILOK	2		2272
16823	DROPT	3		2272
16824	KAPLO	0		2273
16825	KARBA	1		2273
16826	SCARY	0		2275
16827	ATOLI	0		2276
16828	AGETO	0		2277
16829	POKOM	1		2277
16830	AGETO	0		2278
16831	METEN	1		2278
16832	DADUK	2		2278
16833	AGETO	0		2279
16834	METEN	1		2279
16835	DABKA	2		2279
16836	SCARY	0		2281
16837	ATOLI	0		2282
16838	AGETO	0		2283
16839	POKOM	1		2283
16840	AGETO	0		2284
16841	METEN	1		2284
16842	DADUK	2		2284
16843	AGETO	0		2285
16844	METEN	1		2285
16845	DABKA	2		2285
16846	SCARY	0		2287
16847	ATOLI	0		2288
16848	AGETO	0		2289
16849	POKOM	1		2289
16850	AGETO	0		2290
16851	METEN	1		2290
16852	DADUK	2		2290
16853	AGETO	0		2291
16854	METEN	1		2291
16855	DABKA	2		2291
16856	ATPUL	0		2293
16857	SKEPY	0		2294
16858	OLDON	0		2296
16859	GODOK	0		2297
16860	KAPLO	0		2298
16861	MIKER	1		2298
16862	KAPLO	0		2299
16863	SAPEG	1		2299
16864	BILOK	2		2299
16865	DROPT	3		2299
16866	KAPLO	0		2300
16867	KARBA	1		2300
16868	POKOM	0		2304
16869	ATOLI	0		2305
16870	SCARY	0		2306
16871	RIBDA	0		2307
16872	SKEPY	1		2307
16873	RIBDA	0		2308
16874	ATPUL	1		2308
16875	POKOM	0		2310
16876	ATOLI	0		2311
16877	SCARY	0		2312
16878	RIBDA	0		2313
16879	SKEPY	1		2313
16880	RIBDA	0		2314
16881	ATPUL	1		2314
16882	POKOM	0		2316
16883	ATOLI	0		2317
16884	SCARY	0		2318
16885	RIBDA	0		2319
16886	SKEPY	1		2319
16887	RIBDA	0		2320
16888	ATPUL	1		2320
16889	DADUK	0		2322
16890	DABKA	0		2323
16891	DROPT	0		2324
16892	OLDON	0		2326
16893	GODOK	0		2327
16894	MIKER	0		2328
16895	KARBA	0		2329
16896	DADUK	0		2331
16897	DABKA	0		2332
16898	DROPT	0		2333
16899	KARBA	0		2335
16900	OLDON	0		2336
16901	GODOK	0		2337
16902	MIKER	0		2338
16903	DADUK	0		2340
16904	DABKA	0		2341
16905	DROPT	0		2342
16906	OLDON	0		2344
16907	GODOK	0		2345
16908	MIKER	0		2346
16909	KARBA	0		2347
16910	OLDON	0		2349
16911	GODOK	0		2350
16912	KAPLO	0		2351
16913	MIKER	1		2351
16914	KAPLO	0		2352
16915	MIKER	1		2352
16916	KAPLO	0		2353
16917	SAPEG	1		2353
16918	BILOK	2		2353
16919	DROPT	3		2353
16920	LUNBI	0		2358
16921	PEBLU	0		2359
16922	VELMO	0		2360
16923	UPLAR	0		2362
16924	SALAG	0		2363
16925	ELNOS	0		2364
16926	DUGAN	0		2365
16927	UPLAR	0		2368
16928	SALAG	0		2369
16929	ELNOS	0		2370
16930	DUGAN	0		2371
16931	LUNBI	0		2373
16932	PEBLU	0		2374
16933	VELMO	0		2375
16934	KALAG	0		2380
16935	AGREX	0		2381
16936	TARIB	0		2382
16937	SELKA	0		2383
16938	OKTUB	1		2383
16939	AKLOM	0		2384
16940	OLBEX	0		2385
16941	KALAG	0		2387
16942	AGREX	0		2388
16943	TARIB	0		2389
16944	SELKA	0		2390
16945	OKTUB	1		2390
16946	AKLOM	0		2391
16947	OLBEX	0		2392
16948	OMLEN	0		2403
16949	AA_VOR	0	circle	2404
16950	LAKES	0		2405
16951	OMLEN	0		2407
16952	KANVI	0		2408
16953	RUTLO	1		2408
16954	LUPRU	2		2408
16955	KAPAI	0		2409
16956	LIMES	0		2410
16957	AA_VOR	0	circle	2411
16958	NUNGI	0		2417
16959	IGNUT	1		2417
16960	PONER	2		2417
16961	ENTIM	3		2417
16962	SOTVO	0		2418
16963	PORIG	1		2418
16964	SOTVO	0		2419
16965	ESMUK	1		2419
16966	SOTVO	0		2420
16967	ABTOL	1		2420
16968	SANUB	0		2422
16969	AGUPI	1		2422
16970	ENTIM	2		2422
16971	IDSEN	0		2423
16972	PORIG	1		2423
16973	IDSEN	0		2424
16974	ESMUK	1		2424
16975	IDSEN	0		2425
16976	ABTOL	1		2425
16977	ELPIT	0		2431
16978	OMDOX	0		2432
16979	IPMIR	0		2434
16980	LUBSI	0		2435
16981	VASLU	1		2435
16982	ELPIT	0		2439
16983	OMDOX	0		2440
16984	LUBSI	0		2442
16985	VASLU	1		2442
16986	IPMIR	0		2443
16987	ELPIT	0		2447
16988	OMDOX	0		2448
16989	IPMIR	0		2450
16990	LUBSI	0		2451
16991	VASLU	1		2451
16992	DOTUT	0		2454
16993	SULRI	1		2454
16994	ELPIT	0		2455
16995	SULRI	0		2457
16996	LAPOK	0		2458
16997	ELPIT	1		2458
16998	SADBO	0		2461
16999	LUBSI	1		2461
17000	IPMIR	0		2462
17001	AVPOD	0		2463
17002	IPMIR	0		2465
17003	AVPOD	0		2466
17004	FICAN	0		2487
17005	AVKEX	1		2487
17006	WITBY	0		2488
17007	S040.57.32.000 E174.45.59.000	0		2489
17008	KAPTI	1		2489
17009	S040.57.32.000 E174.45.59.000	0		2490
17010	KAMET	1		2490
17011	S040.57.32.000 E174.45.59.000	0		2491
17012	PP_NDB	1	circle	2491
17013	KAPTI	0		2493
17014	KAMET	0		2494
17015	S040.42.31.000 E174.56.17.000	0		2495
17016	S040.44.07.000 E174.53.01.000	1		2495
17017	PP_NDB	2	circle	2495
17018	S040.42.31.000 E174.56.17.000	0		2496
17019	S040.44.07.000 E174.53.01.000	1		2496
17020	WITBY	2		2496
17021	S040.42.31.000 E174.56.17.000	0		2497
17022	S040.44.07.000 E174.53.01.000	1		2497
17023	FICAN	2		2497
17024	S040.42.31.000 E174.56.17.000	0		2498
17025	S040.44.07.000 E174.53.01.000	1		2498
17026	BRUDA	2		2498
17027	AVKEX	3		2498
17028	DOBBO	0		2502
17029	IPNAB	1		2502
17030	OLMOT	2		2502
17031	PEXUR	0		2503
17032	LATIG	1		2503
17033	RITGI	2		2503
17034	VELGA	0		2504
17035	MUMOX	1		2504
17036	NUTMI	2		2504
17037	VARMA	3		2504
17038	LATIG	4		2504
17039	RITGI	5		2504
17040	RUPNU	0		2505
17041	MUMOX	1		2505
17042	NUTMI	2		2505
17043	VARMA	3		2505
17044	LATIG	4		2505
17045	RITGI	5		2505
17046	NP_VOR	0	circle	2506
17047	RITGI	1		2506
17048	VELGA	0		2509
17049	RUPNU	0		2510
17054	MANGA	0		2513
17055	ANDOM	1		2513
17056	INGLE	2		2513
17057	DOVAT	3		2513
17058	SELTA	0		2514
17059	ANDOM	1		2514
17060	INGLE	2		2514
17061	DOVAT	3		2514
17062	IGDOT	0		2515
17063	TUIHU	1		2515
17064	INGLE	2		2515
17065	DOVAT	3		2515
17066	DOBBO	0		2517
17067	HARVO	0		2518
17068	ATRUG	1		2518
17069	BOKUL	2		2518
17070	UPDAL	0		2519
17071	LATIG	1		2519
17072	BOKUL	2		2519
17073	NP_VOR	0	circle	2520
17074	BOKUL	1		2520
17075	NP_VOR	0	circle	2522
17076	LIGDO	1		2522
17077	IGDOT	0		2523
17078	TUIHU	1		2523
17079	SELTA	0		2524
17080	ANDOM	1		2524
17081	MANGA	0		2525
17082	TUIHU	1		2525
17083	NUTMI	0		2532
17084	MUMOX	1		2532
17085	VELGA	2		2532
17086	NUTMI	0		2533
17087	MUMOX	1		2533
17088	RUPNU	2		2533
17089	DOVAT	0		2534
17090	DAPNO	1		2534
17091	DOVAT	0		2535
17092	INGLE	1		2535
17093	ANDOM	2		2535
17094	MANGA	3		2535
17095	DOVAT	0		2536
17096	INGLE	1		2536
17097	ANDOM	2		2536
17098	SELTA	3		2536
17099	DOVAT	0		2537
17100	INGLE	1		2537
17101	TUIHU	2		2537
17102	IGDOT	3		2537
17103	LIGDO	0		2538
17104	VANSA	1		2538
17105	TOMEP	2		2538
17106	HARVO	3		2538
17111	ATRUG	0		2541
17112	HARVO	1		2541
17113	TUIHU	0		2542
17114	MANGA	1		2542
17115	TUIHU	0		2543
17116	SELTA	1		2543
17117	TUIHU	0		2544
17118	IGDOT	1		2544
17122	RUPNU	0		2547
17123	SELTA	0		2548
17124	IGDOT	0		2549
17125	UPDAL	0		2552
17126	OSTOG	1		2552
17127	MOPMI	2		2552
17128	HARVO	3		2552
17131	INGLE	0		2554
17132	ENVAG	1		2554
17133	TOKES	2		2554
17134	DAPNO	3		2554
17138	INGLE	0		2557
17139	ANDOM	1		2557
17140	MANGA	2		2557
17143	PINES	0		2581
17144	GENDA	1		2581
17145	PINES	0		2582
17146	GENDA	1		2582
17147	MOOSE	2		2582
17148	NOSAM	0		2583
17149	POSOL	0		2586
17150	NOSAM	1		2586
17151	GENDA	0		2587
17152	MOKER	0		2588
17153	SUNGU	0		2594
17154	INTUS	0		2596
17155	PEXED	0		2602
17156	SUNGU	0		2603
17157	MOVSA	1		2603
17158	INTUS	0		2604
17159	IDSEM	0		1723
17160	TULMI	0		1831
17161	AGREX	0		1740
17162	TUIHU	0		2558
17163	IGDOT	1		2558
17164	SUNGU	0		2615
17165	ELAGA	0		2621
17166	LUMSO	0		2622
17167	GOBUK	0		2624
17168	OKERE	0		2625
17169	REEVE	1		2625
17170	LUMSO	0		2629
17171	ELAGA	0		2630
17172	ISGIT	0		2631
17173	ESKER	0		2633
17174	INTOX	0		2635
17175	ORAKA	1		2635
17176	DUBAB	2		2635
17177	ESKER	0		2636
17178	ISGIT	0		2637
17179	DUBAB	1		2637
17180	LALAN	0		2638
17181	TOTRA	0		2639
17182	ORAKA	1		2639
17183	DUBAB	2		2639
17184	GOBUK	0		2642
17185	ESKER	0		2643
17186	LALAN	0		2644
17187	INTOX	0		2645
17188	ORAKA	1		2645
17189	DUBAB	2		2645
17190	ISGIT	0		2646
17191	DUBAB	1		2646
17192	LUMSO	0		2648
17193	NUMTU	0		2649
17194	SABID	1		2649
17195	AKMAG	2		2649
17196	NUMTU	0		2650
17197	IBAMU	1		2650
17200	NUMTU	0		2651
17201	ISGIT	1		2651
17202	NUMTU	0		2652
17203	SABID	1		2652
17204	SUDAM	2		2652
17205	FALLS	0		2654
17206	GOBUK	0		2655
17207	GOBUK	0		2656
17208	KAMLA	1		2656
17209	FALLS	0		2658
17210	KAMLA	0		2660
17211	GOBUK	0		2661
17212	SURKA	0		2663
17213	SABID	1		2663
17214	AKMAD	2		2663
17215	IBAMU	0		2664
17216	ISGIT	0		2665
17217	ISGIT	0		2666
17218	SUDAM	1		2666
17219	SURKA	0		2667
17220	LUMSO	1		2667
17221	FALLS	0		2686
17222	GOBUK	0		2687
17223	ODOLO	0		2688
17224	TODAN	0		2689
17225	PIBOV	1		2689
17226	NOBAR	0		2691
17227	OLDON	0		2693
17228	FALLS	0		2694
17229	ODOLO	0		2695
17230	GOBUK	0		2696
17231	PIBOV	0		2697
17232	NOBAR	0		2699
17243	IDLUR	0		2720
17244	VIROL	0		2727
17245	KEVEL	1		2727
17246	ANPUG	2		2727
17247	RINRI	3		2727
17248	MIBUS	0		2728
17249	RINRI	1		2728
17250	SAKBA	0		2729
17251	UPRIX	1		2729
17252	BINIT	0		2730
17253	UPRIX	1		2730
17254	APITI	0		2721
17255	SAKBA	0		2732
17256	BINIT	0		2733
17257	IDLUR	0		2735
17258	APITI	0		2736
17273	IDLUR	0		2751
17274	APITI	0		2752
17275	IDLUR	0		2754
17276	APITI	0		2755
17277	OVRUN	0		2757
17278	LULKO	1		2757
17279	APITI	2		2757
17280	IRMIX	0		2758
17281	ENRUL	0		2760
17282	RUGVI	1		2760
17283	ADRAD	2		2760
17284	OMBUB	3		2760
17285	ENRUL	0		2761
17286	RUGVI	1		2761
17287	LAPUN	0		2763
17288	DUKUT	1		2763
17289	GULBA	2		2763
17290	OMBUB	3		2763
17302	LIMPA	0		2773
17303	ABTOL	0		2774
17304	OKEVO	0		2775
17305	TERIL	0		2776
17306	IVREP	1		2776
17307	IRMIX	2		2776
17321	RINRI	0		2785
17322	BINIT	1		2785
17323	MIBUS	0		2786
17324	RINRI	0		2787
17325	SAKBA	1		2787
17326	LUNBA	0		2788
17327	RINRI	1		2788
17328	ANPUG	2		2788
17329	KEVEL	3		2788
17330	VIROL	4		2788
17331	RINRI	0		2791
17332	ANPUG	1		2791
17333	KEVEL	2		2791
17334	VIROL	3		2791
17335	RINRI	0		2792
17336	MIBUS	1		2792
17337	RINRI	0		2793
17338	SAKBA	1		2793
17339	BINIT	0		2794
17340	LIMPA	0		2795
17341	ABTOL	0		2796
17342	OKEVO	0		2797
17343	OLMUX	0		2799
17344	OH_VOR	1	circle	2799
17345	RUGVI	2		2799
17346	OLMUX	0		2800
17347	OH_VOR	1	circle	2800
17348	RUGVI	2		2800
17349	ADRAD	3		2800
17350	OMBUB	4		2800
17351	ENRUL	0		2802
17352	RUGVI	1		2802
17353	ADRAD	2		2802
17354	OMBUB	3		2802
17355	ENRUL	0		2803
17356	RUGVI	1		2803
17357	LAPUN	0		2805
17358	DUKUT	1		2805
17359	GULBA	2		2805
17360	OMBUB	3		2805
17361	ADKOS	0		2817
17362	AKBUM	1		2817
17363	GOGES	2		2817
17364	MOXET	3		2817
17365	SUNGU	0		2818
17366	LIBLA	0		2819
17367	BOKAV	1		2819
17368	MIMEG	2		2819
17369	ATRAG	3		2819
17370	ADKOS	0		2821
17371	AKBUM	1		2821
17372	GOGES	2		2821
17373	MOXET	3		2821
17374	LIBLA	0		2822
17375	BOKAV	1		2822
17376	MIMEG	2		2822
17377	ATRAG	3		2822
17378	SUNGU	0		2823
17379	SUNGU	0		2835
17380	MOXET	0		2836
17381	AKBUM	1		2836
17382	ADKOS	2		2836
17383	ATRAG	0		2837
17384	BOKAV	1		2837
17385	LIBLA	2		2837
17386	SUNGU	0		2839
17387	MOXET	0		2840
17388	AKBUM	1		2840
17389	ADKOS	2		2840
17390	ATRAG	0		2841
17391	BOKAV	1		2841
17392	LIBLA	2		2841
17393	SW_VOR	0	circle	2849
17394	OREXI	0		2850
17395	WI_NDB	0	circle	2852
17396	MOLNO	0		2853
17397	SY_NDB	1	circle	2853
17398	MOLNO	0		2854
17399	NOLEG	1		2854
17400	FIRTH	2		2854
17401	VIBAG	0		2856
17402	UPLIN	1		2856
17403	URDOR	0		2857
17404	SATLA	1		2857
17405	SY_NDB	0	circle	2858
17406	PP_NDB	0	circle	2865
17407	WITBY	0		2866
17408	WN_VOR	0	circle	2867
17409	WN_VOR	0	circle	2870
17410	WITBY	0		2871
17411	PP_NDB	0	circle	2872
17412	PP_NDB	0	circle	2874
17413	KAMET	0		2875
17414	OKEVO	0		2876
17415	PM_VOR	1	circle	2876
17416	WEBER	0		2877
17417	PP_NDB	0	circle	2879
17418	KAMET	0		2880
17419	OKEVO	0		2881
17420	PM_VOR	1	circle	2881
17421	WEBER	0		2882
17422	AKNES	0		2893
17423	RUNUP	0		2894
17424	DOGMO	1		2894
17425	PEBSO	0		2895
17426	DUDUS	1		2895
17427	PEBSO	0		2896
17428	ISGIT	1		2896
17429	PEBSO	0		2897
17430	KARBA	1		2897
17431	SULFA	0		2898
17432	RUNUP	0		2899
17433	TAIKI	1		2899
17434	TM_NDB	0	circle	2900
17435	KETOB	0	triangle	2905
17436	AA407	1		2905
17437	ZORBA	0	triangle	2906
17438	AA411	1		2906
17439	AA407	2		2906
17440	GOMPI	0	triangle	2916
17441	IDUBU	0	triangle	2917
17442	UBDAN	0	triangle	2918
17443	AVDID	0	triangle	2920
17444	IGLIS	0	triangle	2921
17445	BIDEV	0	triangle	2926
17446	MABAK	0	triangle	2927
17447	ODISI	0	triangle	2928
17453	ATKIL	0	triangle	2937
17454	QN780	1		2937
17455	QN775	2		2937
17456	QN770	3		2937
17457	UGPED	0	triangle	2938
17458	QN779	1		2938
17459	QN774	2		2938
17460	GROVE	0	triangle	2940
17462	SATLA	0	triangle	2943
17463	FIRTH	0	triangle	2944
17464	SATLA	0	triangle	2946
17465	FIRTH	0	triangle	2947
17466	OTOKO	0	triangle	2952
17467	WARIK	0	triangle	2953
17468	CREEK	0	triangle	2954
17469	EWOOD	0	triangle	2955
17470	UKLIP	0	triangle	2957
17471	COOKS	0	triangle	2958
17472	VARSI	0	triangle	2960
17473	LUVOG	0	triangle	2961
17474	ELPAM	0	triangle	2963
17475	PAKSA	0	triangle	2964
17476	ATVOX	0	triangle	2983
17477	URDAL	0	triangle	2984
17478	MIBEV	0	triangle	2988
17479	QUAIL	0	triangle	2989
17480	ESNED	0	triangle	2990
17481	BOBIT	0	triangle	2999
17482	ADKIS	0	triangle	3000
17483	LELUK	0	triangle	3001
17484	DOTGO	0	triangle	3002
17485	BOBIT	0	triangle	3003
17486	VARNO	0	triangle	3008
17487	NOBED	0	triangle	3009
17492	ENBAR	0	triangle	3018
17493	DABGU	0	triangle	3020
17494	NILID	0	triangle	3021
17495	OKERE	0	triangle	3023
17496	KALGO	0	triangle	3028
17497	GUMAN	0	triangle	3029
17498	EMSAR	0	triangle	3031
17499	AKABA	0	triangle	3032
17500	MASKU	0	triangle	3033
17501	RUSTA	0	triangle	3035
17502	MORTA	0	triangle	3036
17503	TODAN	0	triangle	3038
17504	UBSET	0	triangle	3039
17505	MIKER	0	triangle	3041
17506	KARBA	0	triangle	3042
17507	LALAN	0	triangle	3043
17508	GOSTI	0	triangle	3045
17509	GUMAN	0	triangle	3046
17510	ARIKA	0	triangle	3047
17511	HUWIT	0	triangle	3050
17512	WN513	1		3050
17513	DORBU	0	triangle	3051
17514	WN509	1		3051
17515	RIPPA	0	triangle	3055
17516	WN411	1		3055
17517	WN506	2		3055
17518	MEEDA	0	triangle	3056
17519	WN514	1		3056
17520	WN423	2		3056
17521	GUNOM	0	triangle	3065
17522	AVMAK	0	triangle	3066
17523	PILUP	0	triangle	3068
17524	ANSIS	0	triangle	3069
17525	LAVIS	0	triangle	3073
17526	POTOP	0	triangle	3075
17527	AVLOR	0	triangle	3081
17528	BUPKA	0	triangle	3082
17529	ADGAT	0	triangle	3084
17530	BELVO	0	triangle	3085
17531	HALEN	0	triangle	3099
17532	IGOLF	0	triangle	3100
17533	ABUOY	0	triangle	3103
17534	BAZEN	0	triangle	3104
17535	JAMIE	0	triangle	3107
17536	KAPUA	0	triangle	3109
17537	LIKMA	0	triangle	3110
17538	BOLOR	0	triangle	3112
17539	PANGO	0	triangle	3113
17540	UPSUV	0	triangle	3117
17541	IKIMU	0	triangle	3118
17542	AGTID	0	triangle	3119
17543	OHITI	0	triangle	3124
17544	MILLA	0	triangle	3125
17545	ELBOW	0	triangle	3126
17546	NANUA	0	triangle	3127
17547	UPVOK	0	triangle	3129
17548	NUKTO	0	triangle	3130
17549	BATAT	0		2685
17550	OLDON	1		2685
17551	WI_NDB	0	triangle	2941
17554	KAROA	0		3133
17555	RUATO	0		3134
17556	PERAS	0		3135
17557	SUNGU	0		1535
17558	REDOL	0		3138
17559	BASOS	1		3138
17560	ADLUP	2		3138
17561	SUNGU	0		3140
17562	REDOL	0		3141
17563	BASOS	1		3141
17564	ADLUP	2		3141
17565	DOMON	0		3154
17566	MARKS	0		3155
17567	BURLY	0	triangle	3156
17568	OPOHO	0	triangle	3157
17569	AKMAD	0		3159
17570	NONAN	1		3159
17571	SAVLA	2		3159
17572	EPDEX	0		3160
17573	ATVOR	1		3160
17574	TIMJO	2		3160
17577	BATOS	0		1759
17578	BOGUN	1		1759
17579	MADEP	2		1759
17580	ALDEV	0	triangle	3170
17581	ENSOV	0	triangle	3171
17582	AFTON	0		3173
17583	ENKUV	0		3174
17584	SUNGU	0		3175
17585	ANOPA	0		3176
17586	BESMO	0	triangle	3178
17587	KAKIT	0	triangle	3179
17588	TOMID	0		3181
17589	PORUT	0		3182
17598	MAMUS	0	triangle	3188
17599	PORUT	0		3185
17600	BE_NDB	1	circle	3185
17601	PORUT	0		3184
17602	NV_VOR	1	circle	3184
17603	PORUT	0		3183
17604	QN_VOR	1	circle	3183
17605	PORUT	0		3186
17606	SW_VOR	1	circle	3186
17607	BUGNO	0		2512
17608	ISPAG	1		2512
17609	ISPAG	0		2553
17610	BUGNO	1		2553
17611	LIGDO	0		2539
17612	VANSA	1		2539
17613	ISPAG	2		2539
17614	BUGNO	3		2539
17615	VANSA	0		2545
17616	ISPAG	1		2545
17617	BUGNO	2		2545
17618	LULKO	0		3191
17619	APITI	1		3191
17620	RUGVI	0		3192
17621	ADRAD	1		3192
17622	OMBUB	2		3192
17623	TERIL	0		3194
17624	IVREP	1		3194
17625	LULKO	2		3194
17626	APITI	3		3194
17627	ANPUG	0		3195
17628	BEDUL	1		3195
17629	DAGOM	2		3195
17630	OMBUB	3		3195
17631	VEKPO	0		3204
17632	AKNES	1		3204
17633	VEKPO	0		3205
17634	DOGMO	1		3205
17635	DUDUS	0		3206
17636	ISGIT	0		3207
17637	KARBA	0		3208
17638	SULFA	0		3209
17639	VEKPO	0		3210
17640	TAIKI	1		3210
17641	TM_NDB	0	circle	3211
17642	DOPOP	0	triangle	3222
17643	LUVAB	0	triangle	3224
17644	BIDNI	0	triangle	3225
17645	DALUM	0		3227
17646	DUBON	1		3227
17647	ELDAK	0		3228
17648	DALUM	0		3229
17649	S044.15.09.980 E170.56.07.310	1		3229
17650	MAMUS	2		3229
17651	ATSOK	0		3230
17652	DOPOP	1		3230
17653	OLGAL	2		3230
17654	ATSOK	0		3231
17655	OMARU	1		3231
17656	DUBON	0		3233
17657	MAMUS	0		3234
17658	OLGAL	0		3235
17659	OMARU	0		3236
17660	BIDNI	0		3237
17661	ELDAK	1		3237
17662	DAPVA	0		3238
17663	IGMUL	1		3238
17664	UPVAP	2		3238
17665	AGSOP	0		3239
17666	UPVAP	1		3239
17667	BAXOV	0		3241
17668	AVPOD	1		3241
17669	AGSOP	0		3242
17670	ENRED	1		3242
17671	NULKO	2		3242
17672	AGSOP	0		3243
17673	UPVAP	1		3243
17674	OGAMI	0		3244
17675	NIMOS	1		3244
17676	OGAMI	0		3245
17677	RUSIL	1		3245
17678	EKODU	0	triangle	3249
17679	ADGOP	0	triangle	3250
17680	INGLE	0		3251
17681	ANDOM	1		3251
17682	SELTA	2		3251
17683	BEDAV	0	triangle	3252
17684	ANDEP	0	triangle	3253
17685	EKVIL	0	triangle	3254
17686	AGTUR	0	triangle	3255
17687	PASMU	0	triangle	3266
17688	SUPIM	0	triangle	3267
17689	ARIGU	0	triangle	3268
17690	PERAS	0		3275
17691	WP_VOR	0	circle	3276
17692	PERAS	0		3280
17693	KAROA	0		3281
17694	RUATO	0		3282
17695	WP_VOR	0	circle	3283
17696	PERAS	0		3285
17697	RUATO	0		3286
17698	WP_VOR	0	circle	3287
17699	KOPPA	0		3293
17700	SF_NDB	0	circle	3294
17701	AA_VOR	0	circle	3299
17702	APABO	0		3300
17703	DOSTU	0		3301
17704	KK_NDB	0	circle	3302
17705	KT_NDB	0	circle	3303
17706	UKAPA	0		3304
17707	WP_VOR	0	circle	3305
17708	AA_VOR	0	circle	3307
17709	APABO	0		3308
17710	DOSTU	0		3309
17711	KK_NDB	0	circle	3310
17712	KT_NDB	0	circle	3311
17713	UKAPA	0		3312
17714	WP_VOR	0	circle	3313
17717	KEEPA	0		3325
17718	IBULI	0		3326
17719	AP_NDB	0	circle	3328
17720	CHUTE	0		3329
17721	HN_VOR	0	circle	3330
17722	RO_VOR	0	circle	3331
17723	TG_NDB	0	circle	3332
17724	NR_VOR	0	circle	3342
17725	S039.37.10.992 E176.45.30.708	0		3343
17726	OPAPA	1		3343
17727	S039.37.10.992 E176.45.30.708	0		3344
17728	ADGIN	1		3344
17729	RIDLA	2		3344
17730	S039.37.10.992 E176.45.30.708	0		3345
17731	YARRO	1		3345
17732	S039.39.35.424 E176.44.34.584	0		3347
17733	NR_VOR	1	circle	3347
17734	OPAPA	0		3348
17735	ADGIN	0		3349
17736	RIDLA	1		3349
17737	AKAVI	0		3350
17738	ALADA	0		3351
17739	LEDOR	0		3352
17740	TELIM	0		3353
17741	TPAPA	0		3354
17742	OSOLO	0		3362
17743	OREXI	0		3363
17744	PORUT	0		3364
17745	BIDEL	0		3365
17746	MEGUG	0		3366
17747	MIPAK	0		3367
17748	PORUT	0		3368
17749	QN_VOR	0	circle	3369
17750	ATHOL	0		3370
17751	QN_VOR	0	circle	3371
17752	KALDI	0		3372
17753	PORUT	0		3373
17754	SAVLA	0		3374
17755	IPMIR	0		3380
17756	AVPOD	0		3381
17757	IGMUL	0		3382
17758	OBKIT	0		3384
17759	UGSAP	0		3385
17760	IGOVU	0	triangle	3387
17761	OLVOL	0	triangle	3388
17762	BASOS	0		3390
17763	ADLUP	1		3390
17767	ATKIL	0	triangle	3395
17768	QN780	1		3395
17769	QN775	2		3395
17770	QN770	3		3395
17771	UGPED	0	triangle	3396
17772	QN779	1		3396
17773	QN774	2		3396
17774	KALAG	0		3399
17775	AGREX	0		3400
17776	TARIB	0		3401
17777	SELKA	0		3402
17778	AGEDU	0		3403
17779	OKTUB	1		3403
17780	IDSEM	0		3404
17781	OKTUB	1		3404
17782	DABAS	0		3405
17783	OKTUB	1		3405
17784	AKLOM	0		3406
17785	OLBEX	0		3408
17786	VIROL	0		3415
17787	KEVEL	1		3415
17788	ANPUG	2		3415
17789	RINRI	3		3415
17790	MIBUS	0		3416
17791	SAKBA	0		3417
17792	RINRI	1		3417
17793	BINIT	0		3418
17794	RINRI	1		3418
17795	MIBUS	0		3420
17796	SAKBA	0		3421
17797	RINRI	1		3421
17798	BINIT	0		3422
17799	BINIT	1		3422
17800	RINRI	2		3422
17801	IGLOR	0		3510
17802	MIBOR	1		3510
17803	KAKIE	0		3511
17804	GUTMA	1		3511
17805	DAPRI	0		3512
17806	GURKO	1		3512
17807	OMBOL	2		3512
17808	DAPRI	0		3513
17809	BOSMA	1		3513
17810	BIXIT	2		3513
17811	DAPRI	0		3514
17812	DARLU	1		3514
17813	ISPAK	2		3514
17814	APUNI	0		3515
17815	GOPSA	1		3515
17816	BIGAN	0		3516
17817	DARDO	0		3517
17818	PULOS	1		3517
17819	LAXON	0		3518
17820	LOTRA	1		3518
17821	NIKOS	0		3519
17822	DALUN	1		3519
17823	KASMO	0		3521
17824	OMBOL	1		3521
17825	TURPA	0		3522
17826	BIXIT	1		3522
17827	LASOM	0		3523
17828	ISPAK	1		3523
17829	REMAS	0		3526
17830	MIBOR	1		3526
17831	NOBIL	0		3527
17832	GUTMA	1		3527
17833	OKERO	0		3528
17834	OMBOL	1		3528
17835	ESMUN	0		3529
17836	BIXIT	1		3529
17837	URKEN	0		3530
17838	ISPAK	1		3530
17839	TELER	0		3531
17840	GOPSA	1		3531
17841	DAGLA	0		3532
17842	PULOS	1		3532
17843	BIGAN	0		3533
17844	ATROK	0		3534
17845	LOTRA	1		3534
17846	NURTA	0		3535
17847	DALUN	1		3535
17848	SADVU	0		3536
17849	BAVEK	1		3536
17850	AGEXO	0		3554
17851	MALKO	0		3555
17852	DALDI	1		3555
17853	MOPDU	0		3556
17854	EKEDI	1		3556
17855	NOPEL	0		3557
17856	OGITA	1		3557
17857	GOBIL	2		3557
17858	BEDAS	0		3558
17859	BOKET	1		3558
17860	HOBAT	2		3558
17861	KIBIN	0		3559
17862	IBAKA	1		3559
17863	KETUP	0		3560
17864	ELBAT	0		3562
17865	AGEXO	1		3562
17866	UPTUG	0		3563
17867	LEKIS	1		3563
17868	DALDI	2		3563
17869	UGRAP	0		3564
17870	EKEDI	1		3564
17871	GOBIL	0		3565
17872	HOBAT	0		3566
17873	VARLU	0		3567
17874	IBAKA	1		3567
17875	IGEKO	0		3568
17876	KETUP	1		3568
17877	ISPAK	0		3587
17878	GUSIP	1		3587
17879	BIXIT	0		3588
17880	IDISA	1		3588
17881	OMBOL	0		3589
17882	ARUGA	1		3589
17883	GUTMA	0		3590
17884	EMSOX	1		3590
17885	MIBOR	0		3591
17886	MASKO	1		3591
17887	GOPSA	0		3592
17888	PIKER	1		3592
17889	PULOS	0		3594
17890	SUKAN	1		3594
17891	BIGAN	0		3595
17892	LOTRA	0		3596
17893	LAXID	1		3596
17894	DALUN	0		3597
17895	KABEN	1		3597
17896	OMBOL	0		3599
17897	SANSA	1		3599
17898	PEGLO	2		3599
17899	BIXIT	0		3600
17900	GUMAR	1		3600
17901	PEGLO	2		3600
17902	ISPAK	0		3601
17903	VARNI	1		3601
17904	GUTMA	0		3603
17905	ARIRI	1		3603
17906	ENDOS	2		3603
17907	MIBOR	0		3604
17908	DUNAT	1		3604
17909	ENDOS	2		3604
17910	GOPSA	0		3605
17911	MULAR	1		3605
17912	BIGAN	0		3606
17913	PULOS	0		3607
17914	VELDO	1		3607
17915	LOTRA	0		3609
17916	EKONA	1		3609
17917	DALUN	0		3610
17918	NIMEL	1		3610
17919	BAVEK	0		3611
17920	VEDRI	0	triangle	3657
17921	DUBAK	0	triangle	3658
17922	SALUT	0	triangle	3660
17923	TAVIS	0	triangle	3661
17924	TARIR	0	triangle	3664
17925	AM420	1		3664
17926	AM422	2		3664
17927	TARIR	0	triangle	3665
17928	AM410	1		3665
17929	AM412	2		3665
17930	RUXAR	0	triangle	3667
17931	AR405	1		3667
17932	RAXON	2		3667
17933	RAXON	0	triangle	3668
17934	RUXAR	0	triangle	3670
17935	AR406	1		3670
17936	AR408	2		3670
17937	IBELI	0	triangle	3672
17938	IGAMA	0	triangle	3673
17939	IBAKO	0	triangle	3675
17940	IGENO	0	triangle	3676
17941	VEKRO	0	triangle	3678
17942	VALSA	0	triangle	3679
17943	AV405	1		3679
17944	AV407	2		3679
17945	VAPLU	0	triangle	3681
17946	VALSA	0	triangle	3682
17947	AV406	1		3682
17948	AV408	2		3682
17949	NIRUX	0	triangle	3684
17950	SAGUP	0	triangle	3685
17951	NOLEB	0	triangle	3687
17952	SUGOV	0	triangle	3688
17953	KABLU	0	triangle	3690
17954	OLKID	0	triangle	3691
17955	GC403	1		3691
17956	KABLU	2		3691
17957	KILIL	0	triangle	3692
17958	VALMI	0	triangle	3694
17959	VELDA	0	triangle	3695
17960	VARGO	0	triangle	3697
17961	VISIT	0	triangle	3698
17962	NISUD	0	triangle	3700
17963	MIDEM	0	triangle	3701
17964	GI403	1		3701
17965	NISUD	2		3701
17966	NONAS	0	triangle	3703
17967	MIDEM	0	triangle	3704
17968	GI404	1		3704
17969	NONAS	2		3704
17970	TONED	0	triangle	3706
17971	REPAS	0	triangle	3708
17972	GJ420	1		3708
17973	ESGAN	2		3708
17974	ESGAN	0	triangle	3709
17975	AKUSA	0	triangle	3711
17976	MAKOM	0	triangle	3712
17977	GM403	1		3712
17978	AKUSA	2		3712
17979	EGOVA	0	triangle	3714
17980	MAKOM	0	triangle	3715
17981	GM404	1		3715
17982	EGOVA	2		3715
17983	AKOPO	0	triangle	3717
17984	TURVA	0	triangle	3718
17985	GY410	1		3718
17986	AKOPO	2		3718
17987	ATOPU	0	triangle	3720
17988	TURVA	0	triangle	3721
17989	GY420	1		3721
17990	ATOPU	2		3721
17991	ESNAD	0	triangle	3723
17993	RAXIP	0	triangle	3724
17994	KO410	1		3724
17995	ESNAD	2		3724
17996	GUSED	0	triangle	3726
17997	RAXIP	0	triangle	3727
17998	KO420	1		3727
17999	GUSED	2		3727
18000	KAPTU	0	triangle	3729
18001	TAVOR	0	triangle	3730
18002	KR410	1		3730
18003	KAPTU	2		3730
18004	TUPRO	0	triangle	3732
18005	TAVOR	0	triangle	3733
18006	KR420	1		3733
18007	TUPRO	2		3733
18008	PIPIL	0	triangle	3735
18009	SOVGO	0	triangle	3736
18010	KULIA	0	triangle	3738
18011	KASDA	0	triangle	3739
18012	NOGES	0	triangle	3741
18013	NUBSI	0	triangle	3742
18014	MD420	1		3742
18015	MD405	0	triangle	3743
18016	MD406	0	triangle	3745
18017	NITOR	0	triangle	3746
18018	IBULO	0	triangle	3748
18019	ISBON	0	triangle	3749
18020	IKAMI	0	triangle	3751
18021	NOMIS	0	triangle	3757
18022	BAMBI	0	triangle	3758
18023	BIDOP	1		3758
18024	NOMIS	2		3758
18025	BATOP	0	triangle	3760
18027	BAMBI	0	triangle	3761
18028	BELTI	1		3761
18029	BATOP	2		3761
18030	GODOL	0	triangle	3767
18031	GITUL	0	triangle	3768
18032	GIVIX	0	triangle	3770
18033	GULEM	0	triangle	3771
18034	GOBER	0	triangle	3772
18035	UDINI	0	triangle	3777
18036	UBKIM	0	triangle	3778
18037	UKALA	1		3778
18038	UDINI	2		3778
18039	UDUMA	0	triangle	3780
18040	UBKIM	0	triangle	3781
18041	UGANI	1		3781
18042	UDUMA	2		3781
18043	IDUTA	0		3782
18044	ODODO	0	triangle	3784
18045	OREVA	0	triangle	3785
18046	OBLEK	0	triangle	3786
18047	OKATA	0	triangle	3788
18048	OSRAN	0	triangle	3789
18049	OLDIS	0	triangle	3790
18050	MULER	0	triangle	3792
18051	TP403	0	triangle	3793
18052	MULER	1		3793
18053	MEKES	2		3793
18054	MUSIL	0	triangle	3795
18055	MEREV	0	triangle	3796
18056	MOSMA	0	triangle	3799
18057	RUTIX	0	triangle	3801
18058	RULOM	0	triangle	3802
18059	TR410	1		3802
18060	RUTIX	2		3802
18061	RULOM	0	triangle	3804
18062	REDOK	1		3804
18063	RIBRA	2		3804
18064	KILEK	0	triangle	3806
18065	LEMAS	0	triangle	3807
18066	BETLI	0	triangle	3809
18067	OLPER	0	triangle	3810
18068	GUVOS	0	triangle	3812
18069	SUNBA	0	triangle	3813
18070	ELDIL	0	triangle	3815
18071	PILUR	0	triangle	3816
18072	UPDIG	0	triangle	3818
18073	VIDEB	0	triangle	3819
18074	VIRGO	0	triangle	3821
18075	ARIES	0	triangle	3822
18076	BIVAD	0	triangle	3824
18077	LIKVA	0	triangle	3825
18078	LAMIP	0	triangle	3827
18079	GOGUL	0	triangle	3828
18080	IBVON	0	triangle	3830
18081	APABU	0	triangle	3831
18082	IBADO	0	triangle	3833
18083	EXOPU	0	triangle	3834
18084	LAVEK	0	triangle	3838
18085	MAUGA	0	triangle	3839
18086	SHMPA	0	triangle	3841
18087	TAFUA	0	triangle	3842
18088	SETTS	0	triangle	3845
18089	SUMLE	0	triangle	3847
18090	TOKEA	0	triangle	3849
18091	RAKIA	0	triangle	3850
18092	TOKEA	0	triangle	3852
18093	RAKIA	0	triangle	3853
18094	TOKEA	0	triangle	3855
18095	RAKIA	0	triangle	3856
18096	MOAKE	0	triangle	3858
18097	MURIA	0	triangle	3859
18098	MOAKE	0	triangle	3861
18099	MURIA	0	triangle	3862
18100	RIKSA	0	triangle	3864
18101	AKLEN	0	triangle	3865
18102	VIRUS	0	triangle	3866
18103	OSEKA	0	triangle	3868
18104	POLOD	0	triangle	3869
18105	LEKOM	0	triangle	3871
18106	AKENI	0	triangle	3872
18107	ENDAK	0	triangle	3874
18108	ASAMO	0	triangle	3875
18109	ORASU	0	triangle	3877
18110	MANOM	0	triangle	3878
18111	GUMBI	0	triangle	3880
18112	LIMSA	0	triangle	3881
18113	SUKEL	0	triangle	3883
18114	MATSO	0	triangle	3884
18115	BENRA	0	triangle	3886
18116	UPSIT	0	triangle	3887
18117	IDPUB	0	triangle	3889
18118	ESDUN	0	triangle	3890
18119	AKNIN	0	triangle	3892
18120	NIRUB	0	triangle	3893
18121	BIDEK	0	triangle	3895
18122	NIKIP	0	triangle	3896
